1 0.190625 0.50390625 0.0875 0.125
1 0.946875 0.446875 0.096875 0.13046875
1 0.26875 0.396875 0.0578125 0.06875
2 0.43203125 0.82421875 0.1078125 0.2578125
1 0.33828125 0.36640625 0.04453125 0.04765625
3 0.7828125 0.76953125 0.32734375 0.371875
0 0.54453125 0.434375 0.37734375 0.34140625
1 0.32578125 0.43046875 0.06875 0.0953125
1 0.22109375 0.37734375 0.0484375 0.06953125
1 0.1890625 0.4296875 0.06015625 0.07890625
2 0.81875 0.56640625 0.0546875 0.1484375
2 0.65390625 0.5875 0.07421875 0.16015625
2 0.571875 0.54296875 0.0546875 0.1421875
2 0.49765625 0.51015625 0.0453125 0.12265625
2 0.4421875 0.4859375 0.03828125 0.11171875