1 0.68046875 0.5765625 0.1828125 0.18515625
2 0.178125 0.4953125 0.02421875 0.10234375
2 0.45234375 0.81328125 0.0921875 0.2546875
2 0.27109375 0.6015625 0.04765625 0.16484375
2 0.928125 0.54609375 0.06328125 0.13828125
1 0.94609375 0.44765625 0.0984375 0.13046875
1 0.45703125 0.48359375 0.13125 0.134375
1 0.48515625 0.42734375 0.11171875 0.078125
2 0.3515625 0.5546875 0.05390625 0.1375
2 0.39921875 0.6390625 0.06015625 0.159375
2 0.55234375 0.71796875 0.1 0.22265625
2 0.790625 0.7859375 0.11484375 0.20625
2 0.83828125 0.9015625 0.1734375 0.196875
2 0.81640625 0.5015625 0.0546875 0.1125
2 0.2546875 0.38515625 0.01328125 0.06171875
2 0.13671875 0.415625 0.015625 0.0640625
2 0.3765625 0.4515625 0.0328125 0.08359375
1 0.32734375 0.3796875 0.06171875 0.05390625