1 0.6421875 0.53203125 0.1859375 0.17578125
2 0.6859375 0.5875 0.08359375 0.18828125
2 0.50625 0.51640625 0.04765625 0.1359375
2 0.91484375 0.525 0.0609375 0.14296875
2 0.846875 0.51875 0.06171875 0.1296875
2 0.7328125 0.53046875 0.05390625 0.1375
1 0.4390625 0.4640625 0.1203125 0.1203125
1 0.58671875 0.459375 0.1140625 0.08984375
1 0.31328125 0.40078125 0.07109375 0.08046875
1 0.24765625 0.3953125 0.0609375 0.05703125
1 0.2078125 0.3828125 0.0375 0.05078125
2 0.28203125 0.41875 0.01953125 0.06875
2 0.303125 0.434375 0.028125 0.09453125