1 0.78125 0.80625 0.34921875 0.35625
1 0.22109375 0.4765625 0.08046875 0.10234375
3 0.45703125 0.46015625 0.13046875 0.13828125
1 0.9484375 0.44609375 0.096875 0.128125
1 0.59375 0.52421875 0.1265625 0.16328125
1 0.659375 0.45390625 0.10625 0.08359375
2 0.74140625 0.5703125 0.0671875 0.14921875
2 0.6765625 0.56640625 0.07578125 0.15703125
2 0.828125 0.5296875 0.05546875 0.1390625
2 0.26015625 0.4109375 0.02109375 0.08203125
2 0.2734375 0.37734375 0.015625 0.06875
1 0.33984375 0.4203125 0.0828125 0.0984375