1 0.67109375 0.56484375 0.19375 0.19375
1 0.94375 0.4453125 0.0984375 0.12890625
1 0.27265625 0.390625 0.05390625 0.07265625
1 0.38046875 0.43046875 0.09609375 0.1078125
2 0.49453125 0.45859375 0.040625 0.0984375
2 0.56015625 0.43359375 0.0375 0.08671875
2 0.61875 0.43125 0.03046875 0.07265625
2 0.8171875 0.5640625 0.05703125 0.15859375
2 0.8671875 0.55625 0.05390625 0.15
2 0.97109375 0.59140625 0.0484375 0.18515625
1 0.76015625 0.50234375 0.12265625 0.125
2 0.48203125 0.43046875 0.02890625 0.1015625