1 0.25703125 0.49921875 0.0890625 0.11328125
1 0.946875 0.44765625 0.096875 0.13125
1 0.89375 0.5296875 0.146875 0.1640625
2 0.303125 0.640625 0.05234375 0.16796875
1 0.2640625 0.39609375 0.059375 0.07265625
2 0.4328125 0.67265625 0.07734375 0.178125
2 0.51015625 0.6140625 0.084375 0.18828125
0 0.5421875 0.42265625 0.375 0.32734375
2 0.7984375 0.76328125 0.11875 0.21328125
2 0.13046875 0.509375 0.02265625 0.1125
2 0.2265625 0.56328125 0.0421875 0.1375
1 0.3359375 0.41875 0.04921875 0.071875
2 0.6546875 0.5875 0.0796875 0.1640625
2 0.7515625 0.61640625 0.07734375 0.17734375
2 0.79609375 0.590625 0.05859375 0.153125
2 0.8203125 0.5609375 0.0609375 0.14140625
2 0.75 0.51875 0.05546875 0.13203125
1 0.88515625 0.9203125 0.2296875 0.159375
2 0.37421875 0.565625 0.05703125 0.1421875