1 0.465625 0.4703125 0.11640625 0.11875
1 0.26015625 0.39921875 0.0546875 0.06015625
1 0.53671875 0.4375 0.1078125 0.07734375
1 0.946875 0.4453125 0.0984375 0.1265625
1 0.171875 0.41953125 0.06015625 0.07734375
1 0.29453125 0.50390625 0.12421875 0.14375
2 0.396875 0.71171875 0.0765625 0.2125
1 0.34609375 0.365625 0.0609375 0.0515625
2 0.69140625 0.60625 0.071875 0.15703125
2 0.7953125 0.54609375 0.053125 0.1484375
2 0.73359375 0.5703125 0.06015625 0.1484375
2 0.5734375 0.55078125 0.06015625 0.15234375
2 0.11640625 0.45546875 0.0203125 0.06875
1 0.32265625 0.41171875 0.08515625 0.09140625
1 0.215625 0.378125 0.040625 0.06875
1 0.72265625 0.471875 0.12265625 0.1109375