1 0.62890625 0.46171875 0.1109375 0.1078125
1 0.9453125 0.44140625 0.0984375 0.11875
2 0.540625 0.68359375 0.09296875 0.20859375
2 0.35 0.51640625 0.04453125 0.1203125
2 0.4375 0.56328125 0.05234375 0.14140625
2 0.18984375 0.53515625 0.03203125 0.125
2 0.290625 0.721875 0.0609375 0.21015625
2 0.2328125 0.615625 0.0390625 0.1421875
2 0.2515625 0.51796875 0.03828125 0.1125
2 0.20546875 0.42578125 0.02109375 0.07421875
2 0.2375 0.440625 0.025 0.06640625
2 0.16015625 0.4515625 0.01796875 0.08828125
2 0.13046875 0.4578125 0.0265625 0.07578125
2 0.4765625 0.4625 0.0453125 0.1125
2 0.53828125 0.48984375 0.05390625 0.1125
2 0.67265625 0.51171875 0.0546875 0.128125
2 0.7296875 0.55859375 0.0671875 0.1484375
2 0.7921875 0.5328125 0.0625 0.153125
3 0.4265625 0.40078125 0.090625 0.08515625
2 0.353125 0.384375 0.02109375 0.06484375
2 0.38828125 0.41015625 0.0296875 0.09296875
1 0.2078125 0.3796875 0.04609375 0.06171875