1 0.259375 0.4 0.05390625 0.0609375
1 0.946875 0.44375 0.096875 0.125
1 0.53828125 0.44140625 0.121875 0.08359375
1 0.328125 0.421875 0.08359375 0.0953125
1 0.4609375 0.4734375 0.10078125 0.1203125
1 0.4875 0.3984375 0.08125 0.06875
3 0.215625 0.3828125 0.04296875 0.07734375
2 0.45859375 0.5015625 0.04453125 0.11796875
2 0.5296875 0.5203125 0.0640625 0.153125
2 0.60703125 0.55625 0.065625 0.15859375
2 0.69140625 0.6078125 0.06875 0.16640625
2 0.73203125 0.5609375 0.0578125 0.140625
2 0.79453125 0.54609375 0.05234375 0.15078125