1 0.9171875 0.5265625 0.165625 0.23515625
2 0.67109375 0.8359375 0.134375 0.26875
1 0.4453125 0.45625 0.1125 0.1125
2 0.259375 0.69375 0.05625 0.1890625
2 0.31015625 0.653125 0.05546875 0.1734375
2 0.34921875 0.4953125 0.03984375 0.115625
2 0.1765625 0.51640625 0.03203125 0.1078125
1 0.965625 0.88203125 0.065625 0.234375
2 0.42578125 0.8890625 0.1203125 0.221875
2 0.25546875 0.55859375 0.03359375 0.11796875
2 0.26953125 0.525 0.03671875 0.115625
2 0.2859375 0.50390625 0.03671875 0.12265625
2 0.25546875 0.45625 0.02890625 0.0875
2 0.20234375 0.50390625 0.03203125 0.10390625
2 0.13359375 0.52109375 0.02265625 0.10703125
2 0.1390625 0.45703125 0.0203125 0.07890625
2 0.125 0.46875 0.01953125 0.08359375
1 0.175 0.4234375 0.0484375 0.07265625
1 0.2890625 0.40390625 0.0703125 0.08359375
1 0.4 0.4125 0.07890625 0.07734375
2 0.58515625 0.496875 0.0484375 0.13046875
2 0.51875 0.421875 0.03515625 0.08046875
2 0.65703125 0.5390625 0.0625 0.14296875
2 0.72734375 0.5578125 0.071875 0.15078125
2 0.79140625 0.5375 0.0609375 0.14296875