3 0.4578125 0.46015625 0.12890625 0.13671875
1 0.9484375 0.44375 0.09609375 0.12578125
1 0.5859375 0.5203125 0.146875 0.1640625
2 0.259375 0.49375 0.0328125 0.1078125
2 0.51015625 0.690625 0.08828125 0.19765625
2 0.66875 0.75390625 0.12421875 0.234375
2 0.146875 0.49140625 0.0234375 0.1078125
2 0.16796875 0.43515625 0.0171875 0.0734375
2 0.12265625 0.4625 0.0140625 0.075
2 0.8484375 0.92890625 0.134375 0.14140625
2 0.903125 0.52265625 0.05625 0.121875
2 0.82734375 0.5359375 0.05859375 0.140625
2 0.74765625 0.57734375 0.0703125 0.15703125
2 0.68203125 0.57109375 0.07890625 0.16640625
2 0.528125 0.4171875 0.02734375 0.07890625
2 0.61796875 0.43671875 0.040625 0.07578125
1 0.24375 0.36640625 0.0421875 0.0484375