1 0.946875 0.44453125 0.09375 0.128125
1 0.603125 0.51640625 0.1421875 0.15390625
2 0.67421875 0.575 0.0765625 0.16796875
2 0.7359375 0.57421875 0.075 0.16171875
2 0.8265625 0.53203125 0.05078125 0.14296875
2 0.76875 0.54375 0.06171875 0.15078125
2 0.5765625 0.54453125 0.0703125 0.1421875
2 0.5078125 0.51640625 0.05390625 0.13515625
2 0.45234375 0.49140625 0.03984375 0.11796875
3 0.459375 0.46015625 0.11796875 0.1421875
1 0.540625 0.4171875 0.0953125 0.07734375
2 0.37109375 0.45859375 0.02890625 0.1015625
1 0.36328125 0.42578125 0.0859375 0.0890625
1 0.29453125 0.40703125 0.06015625 0.0765625
1 0.24765625 0.38984375 0.046875 0.06875
1 0.203125 0.375 0.0453125 0.06328125