1 0.5 0.43046875 0.1140625 0.1171875
1 0.34921875 0.43203125 0.07578125 0.08046875
1 0.94609375 0.44140625 0.09453125 0.12109375
2 0.978125 0.56796875 0.04296875 0.134375
2 0.6625 0.46796875 0.03125 0.1046875
2 0.696875 0.4640625 0.03984375 0.09375
2 0.74921875 0.53359375 0.06015625 0.1421875
2 0.81171875 0.5171875 0.0546875 0.1203125
1 0.353125 0.38984375 0.06484375 0.07890625
2 0.2703125 0.3859375 0.01640625 0.05859375
2 0.303125 0.3671875 0.0140625 0.05859375
2 0.575 0.43515625 0.034375 0.08984375