1 0.571875 0.68828125 0.2703125 0.253125
1 0.67421875 0.53203125 0.18203125 0.19453125
1 0.440625 0.46015625 0.12890625 0.13671875
1 0.9484375 0.44453125 0.096875 0.1265625
2 0.75 0.8765625 0.1609375 0.246875
2 0.16171875 0.57890625 0.03203125 0.134375
2 0.19375 0.54375 0.02890625 0.13125
2 0.21484375 0.47578125 0.02265625 0.0953125
2 0.13828125 0.4890625 0.02109375 0.084375
2 0.16875 0.42734375 0.01796875 0.071875
2 0.2625 0.38671875 0.01796875 0.06640625
2 0.2953125 0.37109375 0.01796875 0.06953125
1 0.3640625 0.396875 0.06640625 0.06484375
2 0.66171875 0.5765625 0.06796875 0.15390625
2 0.77890625 0.534375 0.05390625 0.13984375