1 0.94765625 0.44765625 0.09375 0.128125
2 0.65546875 0.590625 0.078125 0.15859375
2 0.57578125 0.54921875 0.05703125 0.1453125
2 0.490625 0.51328125 0.0453125 0.128125
2 0.4359375 0.48203125 0.04140625 0.115625
1 0.32578125 0.42421875 0.07265625 0.08671875
1 0.2671875 0.39296875 0.04921875 0.07578125
1 0.2203125 0.38359375 0.05390625 0.08515625
0 0.5359375 0.4234375 0.35703125 0.31640625
2 0.75390625 0.63515625 0.07890625 0.20234375
2 0.82265625 0.55546875 0.0546875 0.1515625
2 0.7859375 0.58984375 0.0640625 0.1484375
2 0.92421875 0.56875 0.046875 0.15