1 0.67421875 0.53359375 0.1828125 0.1984375
1 0.94765625 0.44609375 0.0984375 0.128125
2 0.42421875 0.71328125 0.08828125 0.225
2 0.30390625 0.56171875 0.04609375 0.1484375
2 0.2046875 0.534375 0.0296875 0.115625
2 0.2140625 0.4640625 0.02109375 0.09375
2 0.19453125 0.47265625 0.02265625 0.09140625
2 0.153125 0.48984375 0.02421875 0.10625
1 0.1375 0.39921875 0.03046875 0.06015625
2 0.42265625 0.396875 0.02890625 0.0734375
2 0.7765625 0.540625 0.0625 0.1375
2 0.80625 0.5109375 0.0546875 0.12578125
2 0.9390625 0.546875 0.0609375 0.1375