2 0.70390625 0.5796875 0.0828125 0.16953125
3 0.92109375 0.628125 0.1578125 0.275
2 0.6390625 0.48046875 0.0546875 0.10546875
2 0.82265625 0.55 0.06796875 0.1375
1 0.9453125 0.434375 0.0953125 0.1078125
2 0.73828125 0.5140625 0.0546875 0.1125
1 0.77421875 0.50234375 0.14296875 0.134375
1 0.4921875 0.46953125 0.12265625 0.11953125
1 0.4 0.4203125 0.078125 0.07265625
1 0.3421875 0.39453125 0.059375 0.05859375
3 0.25 0.39375 0.05859375 0.08515625
1 0.19375 0.37578125 0.0375 0.059375
1 0.26875 0.36875 0.04765625 0.06484375
2 0.3015625 0.403125 0.01640625 0.06953125
2 0.33359375 0.43515625 0.02421875 0.08828125
2 0.4046875 0.46171875 0.04140625 0.1171875
2 0.48515625 0.49453125 0.05234375 0.125
2 0.584375 0.46171875 0.04453125 0.11171875
2 0.5515625 0.428125 0.02578125 0.09453125