1 0.428125 0.66640625 0.20390625 0.234375
3 0.1703125 0.4578125 0.09453125 0.171875
1 0.28203125 0.3703125 0.04765625 0.0484375
1 0.946875 0.44453125 0.09453125 0.12734375
0 0.4703125 0.4234375 0.21640625 0.2359375
1 0.334375 0.378125 0.05625 0.06484375
2 0.6546875 0.5828125 0.071875 0.16796875
2 0.615625 0.47265625 0.0421875 0.11875
2 0.7796875 0.9203125 0.184375 0.15859375
2 0.84140625 0.51328125 0.06015625 0.125
2 0.26015625 0.3890625 0.0203125 0.06171875
1 0.9796875 0.57109375 0.040625 0.1421875