1 0.44375 0.85390625 0.29140625 0.28671875
1 0.334375 0.54765625 0.140625 0.17578125
1 0.9203125 0.5515625 0.15234375 0.15625
1 0.1703125 0.43125 0.05546875 0.0734375
1 0.46796875 0.4703125 0.11796875 0.11875
1 0.253125 0.39765625 0.05390625 0.05703125
1 0.534375 0.43828125 0.1015625 0.08125
1 0.94453125 0.44609375 0.0984375 0.1296875
2 0.79140625 0.54140625 0.0609375 0.1484375
2 0.69140625 0.60078125 0.07421875 0.1640625
2 0.73359375 0.56875 0.059375 0.14765625
2 0.65234375 0.525 0.0453125 0.1234375
2 0.58671875 0.49921875 0.053125 0.12578125
1 0.3265625 0.41484375 0.084375 0.09140625
3 0.18671875 0.36953125 0.03984375 0.053125
1 0.128125 0.39375 0.0296875 0.05