1 0.23671875 0.50078125 0.10625 0.13203125
1 0.94765625 0.4453125 0.09921875 0.1296875
1 0.61796875 0.43359375 0.1296875 0.0828125
1 0.4625 0.46171875 0.13046875 0.128125
1 0.31015625 0.38125 0.0625 0.04609375
2 0.64609375 0.35234375 0.02265625 0.0234375
2 0.6453125 0.57734375 0.071875 0.1578125
1 0.275 0.37109375 0.03515625 0.04140625
1 0.63828125 0.5390625 0.175 0.14375
2 0.81015625 0.53125 0.05390625 0.128125
2 0.7515625 0.53828125 0.05703125 0.1296875
2 0.49609375 0.50703125 0.04765625 0.140625
2 0.565625 0.53359375 0.0578125 0.1296875
2 0.4421875 0.49296875 0.03515625 0.115625
2 0.39296875 0.48046875 0.02890625 0.11796875
2 0.36796875 0.45 0.02578125 0.08828125
1 0.23125 0.36875 0.04375 0.0578125