1 0.6640625 0.48046875 0.14609375 0.11796875
1 0.4484375 0.421875 0.0984375 0.0953125
1 0.94375 0.446875 0.1046875 0.12890625
1 0.96640625 0.5859375 0.06640625 0.1296875
1 0.86015625 0.60546875 0.22734375 0.2265625
2 0.50859375 0.41171875 0.03359375 0.0828125
2 0.55625 0.4234375 0.0328125 0.0734375
2 0.5875 0.4359375 0.03046875 0.08984375
1 0.33046875 0.41875 0.08671875 0.0984375
1 0.31953125 0.36640625 0.06484375 0.04375
1 0.246875 0.36171875 0.04375 0.04921875
1 0.1921875 0.35390625 0.02734375 0.0375
2 0.371875 0.4 0.0234375 0.0703125
2 0.71015625 0.46328125 0.04375 0.11171875