1 0.20546875 0.44453125 0.06875 0.09453125
1 0.75625 0.80390625 0.30234375 0.2796875
1 0.8765625 0.51796875 0.1578125 0.19140625
1 0.9375 0.44609375 0.11484375 0.13046875
1 0.45625 0.45390625 0.13671875 0.12578125
1 0.36484375 0.43359375 0.06640625 0.078125
2 0.60625 0.44140625 0.03515625 0.0609375
1 0.3109375 0.3859375 0.0609375 0.05078125
2 0.78828125 0.5265625 0.0421875 0.1375
1 0.11953125 0.3890625 0.02578125 0.0515625
1 0.63515625 0.53828125 0.1859375 0.153125
1 0.27578125 0.37890625 0.04375 0.0640625
2 0.64453125 0.58515625 0.084375 0.16875
2 0.49296875 0.51796875 0.046875 0.140625
2 0.4390625 0.48828125 0.03671875 0.115625
2 0.28828125 0.43359375 0.021875 0.08359375
2 0.31328125 0.66484375 0.05390625 0.21328125
2 0.74921875 0.53671875 0.05234375 0.1171875