1 0.56875 0.51484375 0.15625 0.15390625
1 0.49765625 0.44140625 0.115625 0.10625
1 0.28359375 0.36953125 0.0421875 0.05703125
2 0.86328125 0.65546875 0.0953125 0.175
1 0.94296875 0.44296875 0.1046875 0.12734375
2 0.72265625 0.5171875 0.07109375 0.10546875
2 0.9578125 0.6015625 0.0765625 0.15
2 0.64609375 0.35078125 0.0234375 0.02734375
3 0.3765625 0.453125 0.10078125 0.125
1 0.21640625 0.38515625 0.0375 0.06640625
2 0.65703125 0.4703125 0.05234375 0.1046875
2 0.7703125 0.49609375 0.05 0.1125
1 0.178125 0.36796875 0.0296875 0.06015625