1 0.63359375 0.53515625 0.17890625 0.16953125
1 0.459375 0.46484375 0.1359375 0.1453125
2 0.590625 0.7296875 0.1203125 0.2296875
2 0.32109375 0.5625 0.04921875 0.12890625
1 0.946875 0.4453125 0.0984375 0.12890625
2 0.646875 0.584375 0.0921875 0.15546875
2 0.26328125 0.45859375 0.02890625 0.08515625
2 0.64609375 0.35390625 0.025 0.02265625
2 0.75234375 0.5328125 0.0515625 0.125
2 0.8390625 0.50546875 0.05546875 0.121875
2 0.56953125 0.453125 0.040625 0.08203125
2 0.3328125 0.40078125 0.03046875 0.07265625
2 0.26875 0.3703125 0.02109375 0.04609375