2 0.6421875 0.48515625 0.065625 0.1203125
2 0.734375 0.51640625 0.06171875 0.12890625
2 0.62578125 0.46328125 0.05703125 0.103125
2 0.646875 0.35234375 0.0234375 0.02734375
2 0.6421875 0.48515625 0.065625 0.1203125
1 0.93515625 0.61796875 0.1296875 0.2171875
1 0.459375 0.46484375 0.1171875 0.11015625
1 0.94609375 0.446875 0.0984375 0.13359375
2 0.65 0.49140625 0.0546875 0.11484375
1 0.315625 0.3765625 0.05625 0.06796875
1 0.3984375 0.390625 0.071875 0.06015625
1 0.3609375 0.41953125 0.0859375 0.09375
2 0.51328125 0.41953125 0.0359375 0.0765625
2 0.60546875 0.4390625 0.03515625 0.0765625
2 0.646875 0.35234375 0.0234375 0.02734375
1 0.2453125 0.38125 0.0578125 0.06875
1 0.18203125 0.36875 0.03671875 0.04609375
2 0.8421875 0.5578125 0.0671875 0.14453125
1 0.76171875 0.49765625 0.14921875 0.1421875