1 0.68203125 0.57578125 0.1796875 0.18828125
1 0.45625 0.4828125 0.134375 0.13828125
1 0.9453125 0.440625 0.09453125 0.11953125
1 0.48203125 0.428125 0.096875 0.0765625
2 0.9703125 0.575 0.053125 0.14765625
2 0.8296875 0.49765625 0.05234375 0.1125
2 0.784375 0.54921875 0.06328125 0.13359375
2 0.53828125 0.51875 0.05234375 0.140625
2 0.33984375 0.4328125 0.02890625 0.08125
2 0.3765625 0.45546875 0.034375 0.09921875
2 0.253125 0.3828125 0.01875 0.0609375
2 0.27734375 0.36796875 0.0125 0.05390625
2 0.296875 0.36484375 0.0140625 0.05
1 0.23671875 0.3625 0.03984375 0.046875
1 0.190625 0.3375 0.03125 0.03125
2 0.190625 0.37890625 0.01328125 0.04609375