1 0.68125 0.57578125 0.18046875 0.1890625
1 0.946875 0.44453125 0.09609375 0.128125
1 0.4828125 0.428125 0.096875 0.0765625
1 0.459375 0.4859375 0.13359375 0.14609375
1 0.26484375 0.3953125 0.04765625 0.05625
2 0.33828125 0.43515625 0.01875 0.08046875
2 0.378125 0.4515625 0.03046875 0.09453125
2 0.53671875 0.52265625 0.0515625 0.14140625
2 0.7796875 0.546875 0.05546875 0.140625
2 0.8546875 0.51015625 0.053125 0.115625
2 0.2421875 0.74453125 0.059375 0.2140625
1 0.23125 0.378125 0.03984375 0.0546875
1 0.19453125 0.36875 0.0421875 0.053125
1 0.6328125 0.44375 0.09765625 0.08359375
1 0.40859375 0.3890625 0.06328125 0.0578125