1 0.7109375 0.48515625 0.16640625 0.13125
1 0.94609375 0.4453125 0.0953125 0.128125
2 0.17578125 0.54296875 0.03125 0.11796875
2 0.44453125 0.71328125 0.0890625 0.2328125
2 0.2734375 0.58203125 0.0484375 0.15
2 0.37890625 0.5609375 0.05859375 0.153125
2 0.13046875 0.403125 0.015625 0.06015625
2 0.46484375 0.49765625 0.0421875 0.10625
2 0.81484375 0.50390625 0.06171875 0.121875
0 0.46796875 0.41953125 0.21484375 0.24296875
2 0.2796875 0.3609375 0.0140625 0.046875
2 0.29375 0.3609375 0.015625 0.05234375
2 0.315625 0.39609375 0.021875 0.0625
2 0.33046875 0.371875 0.0203125 0.065625