1 0.68515625 0.578125 0.1921875 0.19296875
1 0.85703125 0.5265625 0.165625 0.1453125
1 0.94609375 0.446875 0.09453125 0.12890625
2 0.60390625 0.80703125 0.1484375 0.26953125
1 0.46171875 0.4796875 0.13046875 0.1484375
2 0.321875 0.54609375 0.0421875 0.1390625
2 0.18671875 0.54921875 0.0328125 0.12734375
2 0.3984375 0.66953125 0.06953125 0.1953125
2 0.4171875 0.5734375 0.05703125 0.14375
2 0.6296875 0.72421875 0.10078125 0.22578125
2 0.53828125 0.51640625 0.05703125 0.16484375
2 0.3765625 0.45 0.03046875 0.09296875
2 0.1421875 0.54296875 0.0359375 0.1234375
2 0.28671875 0.39921875 0.01484375 0.07109375
2 0.17734375 0.453125 0.0203125 0.0734375
2 0.1640625 0.484375 0.025 0.084375
2 0.1484375 0.40234375 0.01328125 0.05234375
2 0.12265625 0.4421875 0.0171875 0.06953125