2 0.2265625 0.5015625 0.03046875 0.11171875
2 0.18125 0.46640625 0.0203125 0.09921875
2 0.34609375 0.5484375 0.0484375 0.140625
2 0.26875 0.4890625 0.03046875 0.10234375
1 0.2671875 0.39609375 0.05546875 0.07265625
1 0.940625 0.44296875 0.1046875 0.125
2 0.4515625 0.7765625 0.10390625 0.2515625
2 0.8265625 0.77890625 0.1265625 0.2328125
2 0.90859375 0.89453125 0.1515625 0.2109375
2 0.6515625 0.58046875 0.0734375 0.14140625
2 0.75 0.61328125 0.078125 0.17890625
2 0.57578125 0.54296875 0.0546875 0.14140625
2 0.49453125 0.51640625 0.04765625 0.140625
2 0.396875 0.4765625 0.03125 0.10234375
2 0.3078125 0.6 0.05234375 0.171875
2 0.1546875 0.47578125 0.02421875 0.0859375
2 0.134375 0.45234375 0.01640625 0.06484375
2 0.22734375 0.39140625 0.0125 0.05078125
1 0.32734375 0.41953125 0.06953125 0.08515625
0 0.5359375 0.43125 0.36484375 0.3234375
2 0.821875 0.56796875 0.05390625 0.14765625
2 0.79921875 0.59921875 0.05234375 0.15859375
2 0.93046875 0.57578125 0.05078125 0.13359375
1 0.97421875 0.56484375 0.0515625 0.1296875
1 0.746875 0.5140625 0.05703125 0.10859375