1 0.0625 0.9265625 0.125 0.146875
1 0.59609375 0.3796875 0.06171875 0.09609375
1 0.68125 0.22265625 0.04296875 0.04609375
3 0.5515625 0.253125 0.07109375 0.0578125
2 0.040625 0.68984375 0.06328125 0.10234375
2 0.1453125 0.61796875 0.06015625 0.09609375
2 0.26875 0.578125 0.053125 0.0984375
2 0.34453125 0.58671875 0.05546875 0.11328125
2 0.4484375 0.64140625 0.04296875 0.12421875
2 0.3796875 0.52109375 0.04140625 0.08359375
2 0.4359375 0.52578125 0.04609375 0.0984375
2 0.54375 0.53125 0.02890625 0.096875
2 0.59765625 0.56328125 0.02265625 0.1015625
2 0.60234375 0.48671875 0.02421875 0.0703125
2 0.53125 0.45078125 0.03125 0.07578125