1 0.6140625 0.4796875 0.11328125 0.15546875
1 0.7078125 0.3765625 0.07578125 0.11015625
1 0.56171875 0.40546875 0.1109375 0.13984375
1 0.63671875 0.34609375 0.07734375 0.10859375
1 0.6953125 0.29375 0.07734375 0.09453125
1 0.071875 0.44453125 0.14375 0.14765625
2 0.14375 0.5265625 0.07734375 0.15703125
2 0.5578125 0.821875 0.06640625 0.1859375
2 0.56640625 0.7 0.0453125 0.13515625
2 0.47890625 0.7515625 0.05859375 0.18125
2 0.41953125 0.71171875 0.0578125 0.17109375
2 0.31953125 0.61953125 0.06484375 0.17109375
2 0.29453125 0.5546875 0.06796875 0.15390625
2 0.46484375 0.5046875 0.05390625 0.13125
2 0.50859375 0.54921875 0.0484375 0.12265625
2 0.5109375 0.6296875 0.0453125 0.11953125
2 0.4640625 0.596875 0.05 0.121875
2 0.55859375 0.56328125 0.0421875 0.13671875
2 0.746875 0.44609375 0.0265625 0.115625
2 0.7671875 0.36875 0.02265625 0.0859375
2 0.31953125 0.378125 0.0484375 0.1109375
2 0.38125 0.31875 0.0390625 0.09609375