2 0.63828125 0.85859375 0.0671875 0.2140625
2 0.51015625 0.79609375 0.05078125 0.15390625
2 0.58671875 0.703125 0.0453125 0.1703125
2 0.596875 0.609375 0.04296875 0.121875
2 0.5140625 0.659375 0.04921875 0.16015625
2 0.43984375 0.71640625 0.05625 0.18984375
2 0.15546875 0.38203125 0.0609375 0.09765625
2 0.25234375 0.32890625 0.04609375 0.090625
2 0.25234375 0.409375 0.04921875 0.10390625
2 0.3328125 0.43359375 0.06015625 0.10546875
2 0.38359375 0.34296875 0.03359375 0.08828125
2 0.39453125 0.29921875 0.03984375 0.075
1 0.38203125 0.54453125 0.16875 0.2078125
1 0.56875 0.53125 0.14296875 0.2046875
1 0.52890625 0.42578125 0.10859375 0.15234375
1 0.63046875 0.35859375 0.0875 0.125
0 0.68515625 0.3828125 0.11796875 0.2078125
1 0.49140625 0.32578125 0.08828125 0.11328125
1 0.5515625 0.23359375 0.078125 0.10078125