1 0.453125 0.55078125 0.12890625 0.140625
2 0.10625 0.74375 0.0875 0.15859375
2 0.590625 0.81875 0.06484375 0.284375
2 0.59609375 0.65078125 0.0625 0.17578125
2 0.71953125 0.4 0.05546875 0.10625
1 0.71015625 0.35546875 0.05078125 0.08203125
2 0.52734375 0.4109375 0.01953125 0.06875
2 0.6109375 0.3640625 0.0140625 0.0609375
2 0.6359375 0.3234375 0.01171875 0.04921875
2 0.684375 0.31328125 0.0078125 0.0453125
2 0.72890625 0.27578125 0.00703125 0.03359375
1 0.76171875 0.32265625 0.02734375 0.05703125
1 0.74921875 0.28125 0.021875 0.0375
1 0.778125 0.2890625 0.01796875 0.04375