2 0.63359375 0.8734375 0.05625 0.19375
2 0.56484375 0.83203125 0.05703125 0.1625
2 0.7265625 0.5375 0.03203125 0.1375
2 0.675 0.503125 0.025 0.08671875
2 0.70546875 0.409375 0.02890625 0.10859375
2 0.65 0.48984375 0.02734375 0.1234375
2 0.584375 0.7265625 0.04375 0.153125
2 0.50859375 0.77421875 0.06171875 0.1953125
2 0.3921875 0.69609375 0.07890625 0.1953125
2 0.46875 0.51484375 0.04453125 0.121875
2 0.43125 0.44453125 0.04140625 0.0953125
2 0.3828125 0.47265625 0.04765625 0.090625
2 0.3203125 0.5171875 0.053125 0.0875
2 0.4765625 0.41328125 0.03984375 0.10234375
2 0.515625 0.4921875 0.03125 0.06875
2 0.575 0.46796875 0.03046875 0.09921875
1 0.5203125 0.60234375 0.13828125 0.2046875
1 0.3546875 0.59765625 0.1765625 0.2125
1 0.53984375 0.42109375 0.10703125 0.1234375
1 0.62578125 0.34765625 0.08125 0.1046875
1 0.7078125 0.2890625 0.0671875 0.0921875
1 0.78125 0.228125 0.05859375 0.07734375
2 0.80625 0.32109375 0.02265625 0.0765625
2 0.7234375 0.3328125 0.0265625 0.08984375
2 0.7546875 0.3125 0.021875 0.0953125
2 0.6703125 0.60546875 0.03828125 0.16953125
2 0.63671875 0.66015625 0.03125 0.159375