2 0.40234375 0.6703125 0.06015625 0.178125
2 0.14765625 0.4171875 0.07421875 0.1046875
2 0.56171875 0.49140625 0.03828125 0.12578125
2 0.56796875 0.35234375 0.03125 0.10078125
2 0.62109375 0.525 0.04375 0.1421875
2 0.646875 0.434375 0.02890625 0.1015625
2 0.7046875 0.5296875 0.040625 0.12265625
2 0.7078125 0.3390625 0.02109375 0.08203125
2 0.746875 0.41484375 0.03046875 0.09921875
2 0.75078125 0.4734375 0.02578125 0.11015625
2 0.67265625 0.3734375 0.03046875 0.1125
2 0.7578125 0.290625 0.01796875 0.08125
2 0.80703125 0.31484375 0.03046875 0.08125
1 0.7 0.71015625 0.13359375 0.3078125
1 0.41015625 0.5109375 0.16640625 0.2140625