2 0.65625 0.8609375 0.0578125 0.225
2 0.63671875 0.734375 0.05859375 0.18359375
2 0.69609375 0.59375 0.0390625 0.14921875
2 0.54921875 0.771875 0.0546875 0.17890625
2 0.31171875 0.92109375 0.0984375 0.1578125
2 0.3390625 0.5234375 0.0546875 0.11640625
2 0.42109375 0.45859375 0.0484375 0.13125
2 0.47890625 0.40546875 0.03046875 0.06796875
2 0.565625 0.50078125 0.04609375 0.10546875
2 0.59765625 0.61015625 0.04140625 0.1515625
2 0.7921875 0.3953125 0.03203125 0.0921875
2 0.43828125 0.5921875 0.05078125 0.14296875
2 0.0859375 0.67890625 0.09453125 0.2078125
1 0.4859375 0.6625 0.15546875 0.24296875
2 0.4328125 0.8515625 0.08984375 0.18984375
1 0.20859375 0.71328125 0.29609375 0.34140625
1 0.51328125 0.45390625 0.11953125 0.15234375
1 0.65859375 0.4375 0.1078125 0.1578125
1 0.74140625 0.34453125 0.0703125 0.11015625
1 0.61484375 0.37578125 0.0859375 0.1234375
1 0.6765625 0.325 0.0625 0.0796875
1 0.7171875 0.27734375 0.05546875 0.08515625