1 0.475 0.69453125 0.1640625 0.2296875
1 0.38828125 0.5484375 0.1515625 0.17890625
1 0.2484375 0.45859375 0.16875 0.146875
1 0.53984375 0.53671875 0.1234375 0.14296875
1 0.64296875 0.4609375 0.09375 0.1390625
1 0.69921875 0.37890625 0.0796875 0.11328125
1 0.68125 0.303125 0.059375 0.11015625
1 0.75859375 0.309375 0.0609375 0.0921875
1 0.803125 0.26171875 0.05 0.075
1 0.834375 0.2328125 0.0390625 0.065625
1 0.7234375 0.26875 0.059375 0.0890625
1 0.58125 0.275 0.08359375 0.07578125
2 0.73359375 0.57421875 0.0296875 0.13359375
2 0.69921875 0.74765625 0.0421875 0.16875
2 0.6671875 0.89609375 0.04765625 0.17734375
2 0.603125 0.846875 0.04609375 0.19609375
2 0.63203125 0.7015625 0.04453125 0.1796875
2 0.57265625 0.79921875 0.053125 0.18984375
2 0.60546875 0.63828125 0.03203125 0.13515625
2 0.49296875 0.46796875 0.05 0.12109375
0 0.58671875 0.375 0.14375 0.21640625