1 0.62421875 0.35625 0.05 0.05546875
1 0.73515625 0.3390625 0.03203125 0.05
1 0.74296875 0.3109375 0.0265625 0.0484375
2 0.71015625 0.33671875 0.01015625 0.05703125
2 0.7640625 0.33671875 0.0078125 0.0484375
2 0.7734375 0.340625 0.009375 0.05390625
2 0.78046875 0.33671875 0.009375 0.05234375
2 0.796875 0.3296875 0.01015625 0.04375
3 0.75546875 0.26484375 0.02109375 0.05
1 0.74296875 0.25859375 0.01015625 0.0203125
1 0.7765625 0.25234375 0.009375 0.0203125
1 0.79140625 0.2515625 0.01015625 0.01640625
2 0.7875 0.3 0.00859375 0.0328125
2 0.77109375 0.29921875 0.00625 0.021875