2 0.715625 0.82265625 0.05625 0.19375
2 0.65 0.84375 0.0515625 0.21640625
2 0.68515625 0.58359375 0.040625 0.15625
2 0.63046875 0.51640625 0.03828125 0.1328125
2 0.7640625 0.36640625 0.03203125 0.0921875
2 0.7015625 0.35703125 0.02578125 0.0984375
2 0.65703125 0.3875 0.028125 0.1109375
2 0.6046875 0.44609375 0.02578125 0.1109375
2 0.57890625 0.46953125 0.02421875 0.11953125
2 0.5453125 0.40859375 0.034375 0.10546875
2 0.5734375 0.55390625 0.040625 0.10390625
2 0.56640625 0.7640625 0.06953125 0.17578125
2 0.6359375 0.71328125 0.034375 0.1703125
2 0.5359375 0.725 0.0515625 0.1796875
2 0.4234375 0.70625 0.06484375 0.16015625
2 0.37734375 0.665625 0.065625 0.17109375
2 0.28125 0.60078125 0.0515625 0.13515625
2 0.32734375 0.590625 0.046875 0.14296875
2 0.24453125 0.56796875 0.0671875 0.12421875
1 0.69453125 0.29921875 0.09140625 0.11953125
1 0.07890625 0.6015625 0.1578125 0.25625