2 0.66796875 0.89296875 0.0640625 0.2140625
2 0.59609375 0.8609375 0.0546875 0.17421875
2 0.5171875 0.7265625 0.0546875 0.178125
2 0.6171875 0.57578125 0.040625 0.13984375
2 0.59921875 0.69453125 0.0578125 0.184375
2 0.55625 0.7859375 0.0578125 0.16015625
2 0.44375 0.7375 0.06484375 0.18203125
2 0.371875 0.66171875 0.0578125 0.159375
2 0.4671875 0.59375 0.04609375 0.11328125
1 0.3109375 0.628125 0.1890625 0.22265625
1 0.69765625 0.48984375 0.10546875 0.20546875
1 0.5671875 0.51171875 0.13671875 0.20859375
1 0.46875 0.48828125 0.14140625 0.14609375
1 0.640625 0.4046875 0.06953125 0.146875
1 0.71171875 0.36640625 0.0703125 0.10625
1 0.77578125 0.29765625 0.06171875 0.0984375
3 0.66328125 0.3171875 0.08359375 0.0828125
3 0.58515625 0.359375 0.0984375 0.1265625
1 0.7265625 0.28125 0.05859375 0.07734375
2 0.26640625 0.40703125 0.06015625 0.1015625
2 0.2609375 0.35703125 0.046875 0.10703125