2 0.721875 0.9171875 0.0640625 0.165625
2 0.6578125 0.871875 0.04296875 0.19765625
2 0.6796875 0.73046875 0.0625 0.1828125
2 0.56171875 0.8125 0.06171875 0.2015625
2 0.6078125 0.69140625 0.05078125 0.1609375
2 0.6390625 0.57421875 0.034375 0.11484375
2 0.50546875 0.7609375 0.0640625 0.20078125
2 0.40859375 0.69453125 0.06640625 0.18828125
2 0.37578125 0.63671875 0.06328125 0.15703125
2 0.309375 0.63515625 0.06875 0.175
2 0.26640625 0.609375 0.075 0.16875
2 0.4671875 0.61484375 0.0578125 0.1515625
2 0.59453125 0.53046875 0.03515625 0.1171875
2 0.73984375 0.4234375 0.03125 0.115625
2 0.5375 0.57890625 0.05078125 0.14453125
1 0.4484375 0.50390625 0.13828125 0.17109375
1 0.6953125 0.3984375 0.08203125 0.12265625
1 0.67578125 0.3203125 0.08203125 0.10546875
1 0.72421875 0.26953125 0.06171875 0.0890625
1 0.78671875 0.28203125 0.06171875 0.1
2 0.64140625 0.4859375 0.03515625 0.1046875
2 0.72890625 0.31015625 0.02109375 0.06484375
2 0.49609375 0.4046875 0.03046875 0.08515625
2 0.553125 0.665625 0.0421875 0.12890625