2 0.5796875 0.81015625 0.06328125 0.215625
2 0.2953125 0.56796875 0.06171875 0.15078125
2 0.340625 0.6140625 0.06640625 0.16015625
2 0.4046875 0.4875 0.05 0.13359375
2 0.46796875 0.4328125 0.04609375 0.12109375
2 0.584375 0.3765625 0.0359375 0.1
2 0.6359375 0.30390625 0.0359375 0.0890625
2 0.69296875 0.37578125 0.02890625 0.10390625
2 0.68984375 0.303125 0.02890625 0.08046875
2 0.74609375 0.29375 0.0296875 0.09375
2 0.79765625 0.2703125 0.02578125 0.0890625
2 0.146875 0.39453125 0.05859375 0.1140625
2 0.365625 0.290625 0.04453125 0.07265625
2 0.81328125 0.1921875 0.01328125 0.06953125
2 0.67734375 0.20078125 0.01953125 0.0640625