2 0.46328125 0.79921875 0.06796875 0.1875
2 0.68359375 0.54296875 0.04140625 0.140625
2 0.634375 0.515625 0.03125 0.1203125
2 0.575 0.53359375 0.0515625 0.12421875
2 0.51015625 0.50234375 0.04921875 0.11640625
2 0.44453125 0.475 0.04609375 0.10078125
2 0.36640625 0.47265625 0.03828125 0.05546875
2 0.71015625 0.434375 0.03515625 0.10078125
2 0.690625 0.39921875 0.03046875 0.10078125
2 0.7421875 0.3421875 0.028125 0.09609375
1 0.3171875 0.6109375 0.2 0.23359375
1 0.5796875 0.40234375 0.09609375 0.12890625
1 0.6625 0.3421875 0.08046875 0.09921875
1 0.7921875 0.2765625 0.0609375 0.09609375
1 0.73203125 0.26875 0.05625 0.075
1 0.77734375 0.2203125 0.0421875 0.06953125
1 0.84921875 0.2109375 0.04140625 0.07265625
2 0.8390625 0.2359375 0.0171875 0.059375
2 0.82421875 0.1875 0.01328125 0.0515625
2 0.89609375 0.184375 0.0140625 0.053125
3 0.2796875 0.396875 0.22890625 0.209375
1 0.01171875 0.50078125 0.0234375 0.11015625