2 0.6046875 0.8421875 0.05234375 0.1921875
2 0.5484375 0.7765625 0.06328125 0.18515625
2 0.49609375 0.7515625 0.0625 0.171875
2 0.4484375 0.7171875 0.05390625 0.16484375
2 0.56015625 0.6703125 0.05234375 0.1578125
2 0.75234375 0.52421875 0.0328125 0.128125
2 0.4609375 0.5921875 0.0484375 0.13203125
2 0.3984375 0.6625 0.05390625 0.17109375
2 0.32890625 0.51171875 0.04140625 0.11171875
2 0.62109375 0.39921875 0.03046875 0.08828125
2 0.69453125 0.34765625 0.02890625 0.09375
2 0.815625 0.28125 0.01875 0.08359375
3 0.68203125 0.30703125 0.08046875 0.1
1 0.609375 0.371875 0.084375 0.09609375
1 0.5171875 0.4390625 0.11953125 0.14921875
1 0.56640625 0.53125 0.13203125 0.1953125
1 0.38671875 0.5546875 0.16953125 0.20859375
1 0.83984375 0.17421875 0.0421875 0.0546875