2 0.6109375 0.69921875 0.040625 0.13203125
2 0.13359375 0.671875 0.05703125 0.103125
2 0.11171875 0.53671875 0.05 0.08203125
2 0.31171875 0.471875 0.040625 0.0765625
2 0.38515625 0.44765625 0.0328125 0.08125
2 0.47421875 0.32890625 0.0234375 0.04296875
2 0.55078125 0.31328125 0.025 0.06015625
2 0.5765625 0.38125 0.0234375 0.07109375
2 0.60859375 0.4109375 0.02265625 0.06953125
2 0.60234375 0.38671875 0.02109375 0.07265625
1 0.478125 0.3921875 0.0828125 0.08671875
1 0.6046875 0.27890625 0.05078125 0.05859375
1 0.69765625 0.26796875 0.04375 0.07109375
2 0.68359375 0.31953125 0.0140625 0.05625
2 0.70234375 0.3078125 0.01953125 0.0625