2 0.5859375 0.7125 0.04765625 0.1796875
2 0.56640625 0.83203125 0.0484375 0.16328125
2 0.63828125 0.75 0.05078125 0.17890625
2 0.63671875 0.90078125 0.0515625 0.17265625
2 0.4546875 0.7671875 0.0671875 0.190625
2 0.51875 0.784375 0.0640625 0.18359375
2 0.3484375 0.64921875 0.06328125 0.17265625
2 0.7484375 0.4046875 0.02734375 0.1015625
2 0.5828125 0.47109375 0.03984375 0.12109375
2 0.51953125 0.5328125 0.0515625 0.15078125
2 0.5625 0.559375 0.04765625 0.121875
2 0.50859375 0.62734375 0.04921875 0.12890625
2 0.4625 0.521875 0.053125 0.12734375
2 0.3984375 0.47734375 0.05859375 0.121875
3 0.3265625 0.58359375 0.1828125 0.1859375
1 0.5390625 0.41875 0.1375 0.175
1 0.63671875 0.35390625 0.08125 0.11328125
1 0.70078125 0.3046875 0.06484375 0.096875
1 0.75703125 0.3265625 0.07109375 0.096875
1 0.82734375 0.2609375 0.0484375 0.07890625
1 0.746875 0.2546875 0.05703125 0.0828125
1 0.784375 0.22265625 0.04375 0.07265625
1 0.61484375 0.259375 0.06875 0.08125
1 0.70546875 0.196875 0.0609375 0.05546875
1 0.77421875 0.1578125 0.04765625 0.05546875
1 0.8234375 0.190625 0.0421875 0.05546875
1 0.865625 0.2125 0.04609375 0.075
1 0.84609375 0.78515625 0.1765625 0.28984375