1 0.1875 0.68359375 0.19140625 0.18125
1 0.45078125 0.5578125 0.1484375 0.171875
1 0.33046875 0.8953125 0.3140625 0.209375
2 0.2140625 0.89453125 0.09296875 0.1859375
2 0.50625 0.60703125 0.0421875 0.18046875
2 0.57109375 0.36875 0.01953125 0.06328125
2 0.6484375 0.321875 0.0125 0.03984375
2 0.68046875 0.3265625 0.0109375 0.0484375
2 0.67421875 0.2953125 0.00703125 0.03203125
2 0.771875 0.2828125 0.00703125 0.02890625
2 0.728125 0.2859375 0.01015625 0.0296875
2 0.69765625 0.2765625 0.00546875 0.0203125
2 0.73828125 0.2703125 0.00625 0.02265625
1 0.7015625 0.3078125 0.03046875 0.04375
1 0.62265625 0.37734375 0.059375 0.07734375