1 0.5671875 0.5109375 0.13515625 0.19921875
1 0.32890625 0.56640625 0.20546875 0.23359375
1 0.62734375 0.35 0.0890625 0.1078125
1 0.69765625 0.29140625 0.06875 0.0953125
1 0.36015625 0.40703125 0.14296875 0.12421875
3 0.48828125 0.45078125 0.12578125 0.15703125
2 0.746875 0.3 0.025 0.0828125
2 0.38828125 0.6390625 0.06328125 0.18203125
2 0.071875 0.50078125 0.07109375 0.1359375
2 0.0421875 0.5890625 0.084375 0.121875
2 0.0359375 0.68828125 0.071875 0.1828125
2 0.45078125 0.66953125 0.06171875 0.17265625
2 0.45859375 0.57265625 0.05625 0.16015625