1 0.63046875 0.4546875 0.075 0.11328125
1 0.6 0.3734375 0.05546875 0.0921875
2 0.59765625 0.42890625 0.03203125 0.08125
2 0.3953125 0.4734375 0.03828125 0.06875
2 0.38359375 0.45234375 0.02890625 0.06484375
2 0.3546875 0.44296875 0.034375 0.07109375
2 0.26328125 0.53203125 0.04140625 0.06875
2 0.153125 0.64921875 0.04765625 0.1
2 0.06875 0.6890625 0.059375 0.10234375
1 0.24609375 0.634375 0.14609375 0.15546875
1 0.6609375 0.2375 0.04921875 0.0609375
1 0.65078125 0.321875 0.0296875 0.07734375
2 0.50625 0.3828125 0.0328125 0.075
2 0.58359375 0.309375 0.02109375 0.053125
2 0.57734375 0.2875 0.01796875 0.0421875
2 0.596875 0.26171875 0.0203125 0.04765625
2 0.6578125 0.34765625 0.01640625 0.06875
2 0.71171875 0.32265625 0.015625 0.0453125
2 0.6953125 0.25546875 0.015625 0.05546875
2 0.6921875 0.3171875 0.0171875 0.05859375