1 0.5625 0.71953125 0.0828125 0.2140625
1 0.053125 0.83203125 0.10625 0.165625
1 0.08828125 0.56171875 0.1390625 0.11953125
1 0.32265625 0.47734375 0.10859375 0.10390625
2 0.0140625 0.5140625 0.02734375 0.065625
2 0.26171875 0.60234375 0.04375 0.1
2 0.365625 0.51328125 0.0390625 0.08359375
2 0.59921875 0.43515625 0.03515625 0.08984375
2 0.47578125 0.37109375 0.021875 0.06640625
2 0.503125 0.33125 0.01875 0.05859375
2 0.60078125 0.30390625 0.01796875 0.05234375
1 0.5890625 0.275 0.06015625 0.06328125
1 0.59921875 0.37265625 0.05546875 0.08984375
2 0.62109375 0.40390625 0.01171875 0.06015625
2 0.70859375 0.29609375 0.0109375 0.06171875
2 0.68671875 0.29765625 0.0125 0.040625
1 0.65078125 0.321875 0.02890625 0.06640625
1 0.6703125 0.2328125 0.0421875 0.04609375
1 0.728125 0.1796875 0.040625 0.053125
2 0.69296875 0.25390625 0.0171875 0.05703125