2 0.1203125 0.9078125 0.109375 0.184375
2 0.3703125 0.81484375 0.08046875 0.24375
2 0.425 0.61484375 0.05859375 0.1609375
2 0.48203125 0.51796875 0.0453125 0.14296875
2 0.4828125 0.43359375 0.0359375 0.11953125
2 0.41484375 0.51953125 0.059375 0.1203125
2 0.2046875 0.3921875 0.0609375 0.10546875
2 0.23515625 0.35859375 0.0515625 0.09140625
1 0.55 0.2484375 0.0859375 0.08203125
1 0.7078125 0.28125 0.0671875 0.09140625
2 0.7734375 0.27265625 0.02109375 0.078125
2 0.83046875 0.246875 0.01953125 0.08203125
2 0.79296875 0.24453125 0.02109375 0.0703125
2 0.80703125 0.215625 0.0140625 0.0640625
2 0.85234375 0.22421875 0.01328125 0.0703125