1 0.30234375 0.75859375 0.25703125 0.3453125
1 0.5921875 0.384375 0.0953125 0.1359375
1 0.27734375 0.39609375 0.121875 0.11328125
1 0.70625 0.2921875 0.078125 0.11328125
1 0.6609375 0.2046875 0.06796875 0.0828125
3 0.79375 0.215625 0.05390625 0.08125
2 0.10078125 0.671875 0.10859375 0.175
2 0.24453125 0.603125 0.08046875 0.14453125
2 0.375 0.51015625 0.053125 0.10859375
2 0.3765625 0.55859375 0.06796875 0.12890625
2 0.46953125 0.4984375 0.05546875 0.1265625
2 0.6265625 0.546875 0.04375 0.1421875
2 0.68359375 0.3578125 0.03046875 0.09921875
2 0.73125 0.36953125 0.03125 0.109375
2 0.77578125 0.29375 0.02421875 0.08984375
2 0.81796875 0.2984375 0.02265625 0.0796875
2 0.80703125 0.253125 0.01796875 0.071875
2 0.846875 0.24453125 0.0203125 0.06484375