1 0.69921875 0.290625 0.071875 0.10390625
3 0.75390625 0.23515625 0.0640625 0.07734375
1 0.49921875 0.459375 0.12734375 0.15859375
2 0.621875 0.64375 0.08359375 0.16484375
2 0.4796875 0.525 0.0546875 0.12265625
2 0.53359375 0.5578125 0.07265625 0.125
2 0.34140625 0.52265625 0.06015625 0.1171875
2 0.29140625 0.5984375 0.071875 0.1453125
2 0.37265625 0.66328125 0.0703125 0.165625
2 0.434375 0.68203125 0.06953125 0.18203125
2 0.49140625 0.74765625 0.06875 0.19375
2 0.553125 0.70859375 0.04609375 0.1625
2 0.5125 0.646875 0.0421875 0.121875
2 0.75 0.2890625 0.02578125 0.0828125
2 0.8328125 0.2453125 0.01796875 0.07421875
2 0.353125 0.3203125 0.0390625 0.090625
0 0.565625 0.21796875 0.1421875 0.16328125