3 0.24453125 0.5859375 0.16953125 0.2140625
1 0.5125 0.3703125 0.07734375 0.0828125
2 0.40703125 0.41484375 0.028125 0.071875
2 0.46640625 0.434375 0.0234375 0.07734375
2 0.5328125 0.31640625 0.021875 0.0484375
2 0.609375 0.2796875 0.0171875 0.053125
2 0.57734375 0.38203125 0.02265625 0.0734375
2 0.60078125 0.43671875 0.03671875 0.0796875
2 0.60234375 0.384375 0.0203125 0.06328125
1 0.69609375 0.2703125 0.0484375 0.0703125
1 0.68046875 0.22578125 0.04375 0.0484375
1 0.73359375 0.17734375 0.03671875 0.04140625
2 0.68671875 0.33046875 0.01875 0.07109375
2 0.7015625 0.30859375 0.0125 0.06015625
2 0.65234375 0.221875 0.01796875 0.059375