1 0.2921875 0.7984375 0.25390625 0.34296875
1 0.07421875 0.80078125 0.14765625 0.28359375
1 0.55859375 0.496875 0.12890625 0.17734375
1 0.5890625 0.36953125 0.109375 0.128125
1 0.68125 0.2921875 0.071875 0.10078125
0 0.75390625 0.234375 0.07734375 0.1078125
2 0.77421875 0.2921875 0.02734375 0.075
2 0.821875 0.27421875 0.0203125 0.06875
2 0.8359375 0.23203125 0.01640625 0.05625
2 0.82734375 0.21796875 0.01640625 0.05625
2 0.69375 0.35078125 0.02890625 0.0875
2 0.5265625 0.6625 0.0578125 0.15703125
2 0.40390625 0.55390625 0.05625 0.146875
2 0.40078125 0.49453125 0.04765625 0.1125
2 0.2984375 0.60546875 0.0765625 0.1578125
2 0.22265625 0.60078125 0.08828125 0.15234375
1 0.2859375 0.3765625 0.134375 0.12421875
2 0.36328125 0.878125 0.0875 0.19453125