1 0.0859375 0.7921875 0.16875 0.1859375
2 0.0890625 0.68125 0.05546875 0.07265625
2 0.2515625 0.5796875 0.04765625 0.090625
2 0.2359375 0.50546875 0.0453125 0.08125
2 0.2734375 0.5203125 0.0421875 0.07109375
2 0.35 0.48046875 0.03828125 0.07265625
2 0.33984375 0.46328125 0.04140625 0.08671875
2 0.4109375 0.409375 0.0328125 0.065625
2 0.5734375 0.30859375 0.0203125 0.05234375
2 0.5515625 0.30234375 0.01796875 0.0578125
2 0.51171875 0.321875 0.0234375 0.059375
1 0.48828125 0.3984375 0.07734375 0.08671875
1 0.6 0.37109375 0.053125 0.1015625
1 0.659375 0.3140625 0.04375 0.059375
1 0.67578125 0.23125 0.0421875 0.0453125
1 0.70078125 0.2796875 0.0421875 0.0671875
2 0.65546875 0.35234375 0.0140625 0.06796875
2 0.6875 0.3109375 0.01484375 0.05859375
2 0.7078125 0.309375 0.015625 0.059375