2 0.54453125 0.771875 0.0578125 0.19609375
2 0.490625 0.75 0.053125 0.1578125
2 0.78203125 0.52890625 0.03828125 0.13125
2 0.59375 0.603125 0.0453125 0.14765625
2 0.63828125 0.4578125 0.04140625 0.10078125
2 0.69140625 0.43125 0.03046875 0.11640625
2 0.72265625 0.37890625 0.02265625 0.09140625
2 0.75859375 0.33359375 0.0265625 0.0953125
2 0.53671875 0.64921875 0.05078125 0.1265625
1 0.4734375 0.62578125 0.15234375 0.2421875
3 0.40078125 0.55546875 0.1890625 0.225
1 0.546875 0.43046875 0.11484375 0.125
0 0.6953125 0.27578125 0.18828125 0.253125
2 0.19296875 0.43125 0.05859375 0.11328125
1 0.43046875 0.35 0.121875 0.10234375
1 0.83984375 0.234375 0.04453125 0.05234375
2 0.8 0.31015625 0.0234375 0.0890625
2 0.82890625 0.29609375 0.0171875 0.075