2 0.6296875 0.759375 0.06015625 0.2625
2 0.540625 0.63203125 0.0484375 0.17109375
2 0.51796875 0.44765625 0.0296875 0.1015625
2 0.5515625 0.4953125 0.03984375 0.1359375
2 0.59453125 0.5984375 0.034375 0.16328125
2 0.628125 0.625 0.03984375 0.1515625
2 0.64140625 0.43046875 0.02265625 0.0984375
2 0.6703125 0.43828125 0.01875 0.1015625
2 0.68671875 0.46328125 0.0234375 0.1265625
2 0.721875 0.440625 0.0234375 0.103125
2 0.73671875 0.48203125 0.02421875 0.11875
2 0.60234375 0.3625 0.0171875 0.07109375
2 0.65390625 0.3765625 0.02109375 0.06484375
2 0.7625 0.4 0.015625 0.08046875
1 0.66484375 0.3203125 0.04140625 0.05703125
3 0.7125 0.3578125 0.04765625 0.08984375