1 0.3265625 0.54140625 0.13046875 0.128125
1 0.071875 0.78359375 0.14140625 0.18203125
1 0.54375 0.63125 0.065625 0.18125
1 0.4828125 0.38828125 0.075 0.07578125
1 0.5671875 0.321875 0.059375 0.06328125
1 0.64375 0.26484375 0.04453125 0.05390625
1 0.6984375 0.26171875 0.0484375 0.06015625
2 0.3375 0.4421875 0.04140625 0.06640625
2 0.5875 0.540625 0.028125 0.09140625
2 0.5859375 0.42265625 0.034375 0.07109375
2 0.621875 0.4515625 0.03046875 0.06640625
2 0.50546875 0.32734375 0.01875 0.04609375
2 0.52421875 0.30546875 0.0171875 0.04609375
2 0.6140625 0.24375 0.01484375 0.05234375