1 0.8125 0.83671875 0.1796875 0.32578125
1 0.715625 0.2703125 0.0734375 0.09609375
3 0.80703125 0.2625 0.0640625 0.10546875
1 0.60703125 0.24375 0.06875 0.0828125
1 0.49453125 0.47421875 0.13515625 0.19296875
1 0.58046875 0.39140625 0.0828125 0.11953125
2 0.68984375 0.40078125 0.025 0.09765625
2 0.73828125 0.37734375 0.028125 0.11015625
2 0.5765625 0.503125 0.0390625 0.1390625
2 0.54140625 0.6734375 0.0546875 0.165625
2 0.46328125 0.74609375 0.06640625 0.1953125
2 0.3921875 0.6921875 0.0703125 0.18828125
2 0.34921875 0.66640625 0.05234375 0.1625
2 0.2984375 0.64609375 0.06328125 0.1765625
2 0.28203125 0.57734375 0.053125 0.16171875
2 0.35703125 0.53203125 0.05390625 0.13828125
2 0.30625 0.42890625 0.05546875 0.11953125