2 0.19609375 0.3640625 0.0734375 0.11328125
2 0.61171875 0.8484375 0.06328125 0.21484375
2 0.675 0.71171875 0.05703125 0.1625
2 0.69765625 0.828125 0.0625 0.2046875
2 0.715625 0.921875 0.071875 0.15625
2 0.65859375 0.43359375 0.03671875 0.11640625
1 0.5671875 0.7265625 0.1796875 0.28984375
1 0.43828125 0.66484375 0.19296875 0.2734375
1 0.56328125 0.50625 0.13203125 0.18046875
1 0.3875 0.54453125 0.14765625 0.18359375
1 0.515625 0.42734375 0.11484375 0.146875
2 0.64609375 0.3703125 0.03046875 0.0859375
2 0.609375 0.37734375 0.034375 0.08515625
1 0.70078125 0.31640625 0.0734375 0.1125
1 0.77109375 0.25546875 0.06484375 0.08046875
1 0.8046875 0.20078125 0.04453125 0.059375