2 0.55 0.79453125 0.0515625 0.19296875
2 0.484375 0.74921875 0.053125 0.16875
2 0.40703125 0.69921875 0.071875 0.171875
1 0.31796875 0.60703125 0.19453125 0.23515625
1 0.11015625 0.54140625 0.1890625 0.21484375
1 0.5203125 0.4390625 0.12421875 0.15234375
1 0.653125 0.41015625 0.10390625 0.13359375
2 0.703125 0.47421875 0.03046875 0.103125
2 0.74609375 0.44609375 0.02578125 0.0953125
2 0.728125 0.3765625 0.0203125 0.071875
2 0.75234375 0.3421875 0.02421875 0.06640625
1 0.8890625 0.3703125 0.12578125 0.09140625
1 0.653125 0.31171875 0.0734375 0.08125
1 0.83984375 0.315625 0.08125 0.07265625
0 0.76875 0.2609375 0.07578125 0.1359375
2 0.0734375 0.428125 0.0609375 0.08125
2 0.3375 0.32578125 0.03125 0.09921875