1 0.69765625 0.51953125 0.0796875 0.21328125
1 0.33125 0.5703125 0.20625 0.2171875
3 0.48984375 0.45390625 0.11640625 0.13671875
1 0.56875 0.51171875 0.134375 0.18203125
2 0.52421875 0.72265625 0.06640625 0.17109375
2 0.44453125 0.6609375 0.059375 0.17734375
2 0.384375 0.65078125 0.04453125 0.146875
2 0.81171875 0.38203125 0.0546875 0.0890625
1 0.63125 0.35078125 0.09296875 0.11640625
1 0.6984375 0.296875 0.0609375 0.10390625
1 0.74765625 0.24765625 0.05703125 0.0875
1 0.84765625 0.1984375 0.046875 0.07109375
1 0.63359375 0.21953125 0.06328125 0.0796875
2 0.0390625 0.4484375 0.078125 0.140625