2 0.0984375 0.5765625 0.084375 0.14453125
2 0.2265625 0.846875 0.0984375 0.23359375
2 0.6359375 0.8703125 0.06484375 0.2140625
2 0.73046875 0.415625 0.028125 0.1125
2 0.7859375 0.3359375 0.02109375 0.0828125
2 0.58515625 0.81328125 0.0546875 0.1890625
2 0.540625 0.765625 0.04609375 0.196875
2 0.47421875 0.7703125 0.07109375 0.2109375
2 0.4296875 0.73515625 0.05078125 0.19609375
1 0.28359375 0.62734375 0.21953125 0.28046875
1 0.15703125 0.4828125 0.18671875 0.1625
1 0.47734375 0.478125 0.14375 0.19296875
1 0.5828125 0.39765625 0.0890625 0.1171875
1 0.6828125 0.3203125 0.0734375 0.125
1 0.4984375 0.60546875 0.1609375 0.184375
1 0.62265625 0.48984375 0.11171875 0.16875