2 0.60625 0.8421875 0.0546875 0.21640625
2 0.65859375 0.7296875 0.0375 0.1859375
2 0.7078125 0.6875 0.0328125 0.17265625
2 0.71796875 0.53984375 0.02734375 0.13046875
2 0.54140625 0.790625 0.04921875 0.159375
2 0.628125 0.5875 0.03984375 0.1328125
2 0.61484375 0.54375 0.03984375 0.1234375
2 0.54375 0.66484375 0.0515625 0.15859375
2 0.48046875 0.7234375 0.06171875 0.18046875
2 0.21484375 0.5921875 0.078125 0.15
2 0.5296875 0.56015625 0.03359375 0.13828125
2 0.471875 0.45234375 0.0390625 0.10859375
2 0.46953125 0.4765625 0.03828125 0.090625
2 0.51796875 0.48203125 0.04375 0.1171875
2 0.33828125 0.309375 0.04609375 0.0953125
2 0.51328125 0.38359375 0.034375 0.0875
2 0.778125 0.37421875 0.0265625 0.09453125
2 0.68046875 0.36640625 0.03359375 0.0953125
2 0.6078125 0.30390625 0.021875 0.04296875
1 0.60390625 0.4734375 0.10078125 0.15
1 0.565625 0.396875 0.115625 0.15234375
1 0.65078125 0.3359375 0.07265625 0.1078125
1 0.740625 0.3234375 0.07265625 0.090625
1 0.69375 0.2796875 0.06796875 0.1
1 0.81875 0.240625 0.04765625 0.07734375
1 0.8546875 0.178125 0.04453125 0.05625
1 0.42265625 0.6546875 0.18515625 0.26796875
1 0.34296875 0.57578125 0.1921875 0.23828125
1 0.17734375 0.528125 0.17578125 0.1703125
1 0.24375 0.384375 0.1375 0.14296875