2 0.38828125 0.8890625 0.059375 0.1578125
2 0.40859375 0.68671875 0.07578125 0.1640625
2 0.59375 0.55625 0.04609375 0.140625
2 0.68125 0.409375 0.0359375 0.10703125
2 0.1015625 0.5234375 0.07265625 0.12734375
1 0.40234375 0.54921875 0.14609375 0.17890625
1 0.59375 0.3828125 0.10390625 0.13203125
1 0.7171875 0.28671875 0.06328125 0.09765625
1 0.7734375 0.3125 0.06796875 0.115625
2 0.81796875 0.23515625 0.01796875 0.05859375
2 0.84140625 0.2140625 0.01640625 0.05625
2 0.86171875 0.2125 0.01484375 0.05625
2 0.55625 0.259375 0.02890625 0.05859375