2 0.65234375 0.83984375 0.05859375 0.20078125
2 0.58203125 0.803125 0.046875 0.17578125
2 0.49375 0.80078125 0.06015625 0.17109375
2 0.4234375 0.6890625 0.05234375 0.16171875
2 0.471875 0.71796875 0.05234375 0.18046875
2 0.36796875 0.6609375 0.065625 0.1734375
2 0.3125 0.6390625 0.06171875 0.14375
2 0.2984375 0.56328125 0.0734375 0.140625
2 0.746875 0.4515625 0.02578125 0.10703125
2 0.76875 0.39296875 0.02578125 0.1
2 0.72265625 0.3828125 0.02578125 0.11328125
2 0.68828125 0.3640625 0.028125 0.1046875
2 0.81640625 0.31015625 0.0296875 0.08359375
2 0.75625 0.31328125 0.0265625 0.08125
2 0.5515625 0.490625 0.034375 0.1140625
2 0.53671875 0.69453125 0.0421875 0.1265625
1 0.62265625 0.35234375 0.09765625 0.1234375
1 0.728125 0.26953125 0.06328125 0.09765625