2 0.04765625 0.65 0.0609375 0.1015625
2 0.28671875 0.81640625 0.06015625 0.13828125
2 0.40078125 0.69609375 0.046875 0.1234375
2 0.1328125 0.5328125 0.053125 0.08125
2 0.2546875 0.5 0.04765625 0.07890625
2 0.28125 0.58515625 0.05390625 0.084375
2 0.3265625 0.609375 0.04921875 0.1
2 0.36640625 0.54140625 0.04453125 0.0875
2 0.5453125 0.5328125 0.03515625 0.103125
2 0.41171875 0.4296875 0.0359375 0.071875
2 0.47578125 0.34453125 0.02109375 0.0640625
2 0.52890625 0.30078125 0.02578125 0.053125
2 0.584375 0.40390625 0.02265625 0.059375
2 0.590625 0.36328125 0.01953125 0.053125
1 0.5359375 0.4609375 0.08984375 0.13046875
1 0.67109375 0.30703125 0.05625 0.0875