2 0.06484375 0.5390625 0.0515625 0.08828125
2 0.0875 0.7125 0.0671875 0.096875
2 0.11484375 0.64453125 0.059375 0.0859375
2 0.3 0.53359375 0.0375 0.07890625
2 0.3671875 0.5046875 0.03828125 0.08359375
2 0.32421875 0.4875 0.03359375 0.0828125
2 0.3765625 0.43984375 0.0328125 0.05625
2 0.42578125 0.43203125 0.03125 0.07109375
2 0.45 0.3734375 0.02265625 0.06484375
2 0.46328125 0.38046875 0.02265625 0.0625
1 0.51796875 0.3546875 0.07421875 0.11171875
1 0.603125 0.290625 0.053125 0.06171875
2 0.546875 0.2984375 0.01796875 0.04453125
2 0.6109375 0.42109375 0.02890625 0.06484375
1 0.60390625 0.36640625 0.0484375 0.08671875
1 0.20390625 0.66953125 0.153125 0.16796875
1 0.15625 0.54609375 0.1328125 0.10390625
2 0.22109375 0.56875 0.0453125 0.06640625