2 0.74140625 0.365625 0.02265625 0.09375
2 0.7078125 0.34375 0.0265625 0.08125
2 0.82109375 0.26953125 0.01953125 0.06640625
2 0.6953125 0.41953125 0.02890625 0.10234375
2 0.728125 0.46171875 0.028125 0.09296875
2 0.71484375 0.52890625 0.02578125 0.11171875
2 0.66484375 0.459375 0.0234375 0.1015625
2 0.54921875 0.43203125 0.03359375 0.09453125
2 0.5078125 0.3921875 0.02734375 0.08359375
2 0.67890625 0.628125 0.034375 0.1421875
2 0.615625 0.48359375 0.028125 0.10078125
2 0.6875 0.76328125 0.05078125 0.17421875
2 0.64453125 0.88671875 0.05390625 0.18984375
2 0.61640625 0.7390625 0.05703125 0.18515625
2 0.58671875 0.68359375 0.0453125 0.15625
2 0.53515625 0.775 0.053125 0.19375
2 0.45234375 0.7625 0.059375 0.1796875
2 0.38828125 0.6859375 0.07421875 0.18359375
2 0.2890625 0.5703125 0.065625 0.14921875
1 0.5171875 0.56875 0.14765625 0.19609375
1 0.4515625 0.50625 0.13125 0.171875
1 0.64765625 0.33671875 0.08046875 0.11484375
1 0.74296875 0.25546875 0.0578125 0.08515625
1 0.8453125 0.23046875 0.0546875 0.0875
2 0.37890625 0.38046875 0.0453125 0.1015625
2 0.3796875 0.28359375 0.028125 0.07890625