2 0.5296875 0.721875 0.06484375 0.16953125
2 0.515625 0.63671875 0.05859375 0.16875
2 0.3890625 0.6453125 0.06171875 0.16796875
2 0.44453125 0.665625 0.053125 0.16796875
2 0.46171875 0.54921875 0.04296875 0.09765625
1 0.56875 0.5015625 0.1328125 0.18359375
1 0.6859375 0.38984375 0.08359375 0.1390625
1 0.63203125 0.3484375 0.078125 0.1078125
1 0.69375 0.29453125 0.0625 0.08515625
1 0.74296875 0.25078125 0.0609375 0.08203125
1 0.65 0.2359375 0.06875 0.078125
1 0.334375 0.57578125 0.19375 0.2625
3 0.4921875 0.45703125 0.12578125 0.14375
1 0.34296875 0.346875 0.125 0.121875
1 0.0421875 0.58359375 0.08359375 0.17421875
2 0.11171875 0.41171875 0.0609375 0.13359375