2 0.63984375 0.8640625 0.06640625 0.2203125
2 0.5125 0.79375 0.05234375 0.1640625
2 0.58671875 0.70703125 0.04375 0.1796875
2 0.5078125 0.6578125 0.05703125 0.1609375
2 0.43984375 0.72578125 0.059375 0.20390625
1 0.38203125 0.54921875 0.165625 0.20859375
1 0.56953125 0.53125 0.1453125 0.18984375
1 0.5296875 0.4296875 0.1078125 0.15859375
1 0.6265625 0.35625 0.09140625 0.115625
0 0.684375 0.3796875 0.11875 0.21015625
2 0.7640625 0.41640625 0.02578125 0.1078125
2 0.28984375 0.32734375 0.0421875 0.09296875
2 0.36640625 0.38046875 0.0453125 0.11015625
1 0.3953125 0.31875 0.1 0.11015625
2 0.03046875 0.4484375 0.0609375 0.12890625
2 0.803125 0.20625 0.01875 0.071875
2 0.61171875 0.25546875 0.021875 0.06015625