2 0.5890625 0.7796875 0.07578125 0.253125
2 0.6171875 0.8875 0.09375 0.225
2 0.215625 0.67890625 0.078125 0.16640625
2 0.03828125 0.82109375 0.0765625 0.1828125
2 0.2953125 0.61796875 0.059375 0.15625
2 0.3484375 0.53359375 0.04609375 0.06171875
2 0.41484375 0.51328125 0.04453125 0.109375
2 0.4234375 0.47421875 0.0375 0.09140625
2 0.5140625 0.46875 0.0421875 0.109375
2 0.52265625 0.43515625 0.0265625 0.07734375
2 0.53203125 0.4125 0.025 0.07578125
2 0.57109375 0.39453125 0.02421875 0.07578125
2 0.6171875 0.35859375 0.01875 0.06640625
2 0.64296875 0.34609375 0.01796875 0.06953125
1 0.37578125 0.63203125 0.16640625 0.18359375
1 0.15 0.5796875 0.159375 0.128125
1 0.66953125 0.43359375 0.06875 0.1046875
1 0.27890625 0.85546875 0.31796875 0.2890625