2 0.0234375 0.6390625 0.04609375 0.11015625
2 0.12265625 0.59453125 0.06796875 0.10703125
2 0.27578125 0.54296875 0.059375 0.10078125
2 0.37890625 0.49296875 0.05546875 0.09375
1 0.50859375 0.43828125 0.096875 0.090625
2 0.7046875 0.33828125 0.01328125 0.0546875
2 0.68203125 0.31171875 0.0078125 0.04765625
2 0.69296875 0.29375 0.0078125 0.0390625
2 0.77734375 0.34765625 0.01484375 0.05859375
1 0.73828125 0.33359375 0.03359375 0.06328125
3 0.77890625 0.31640625 0.03125 0.084375
1 0.72890625 0.27890625 0.0203125 0.03125
1 0.74921875 0.31328125 0.0265625 0.05