1 0.21796875 0.66015625 0.253125 0.30703125
1 0.6125 0.38203125 0.0984375 0.1296875
3 0.70390625 0.4 0.0921875 0.1265625
3 0.26171875 0.36796875 0.21328125 0.1953125
3 0.040625 0.47265625 0.08125 0.17890625
1 0.72421875 0.284375 0.06328125 0.084375
1 0.77421875 0.2515625 0.05078125 0.09765625
2 0.65859375 0.696875 0.053125 0.184375
2 0.43671875 0.64296875 0.0625 0.159375
2 0.59375 0.54765625 0.04453125 0.13671875
2 0.653125 0.5546875 0.03828125 0.1296875
2 0.57265625 0.65078125 0.03828125 0.13359375
2 0.525 0.61796875 0.0453125 0.1296875
2 0.48046875 0.7171875 0.06875 0.17734375
2 0.446875 0.49375 0.05 0.13359375
2 0.41484375 0.596875 0.06328125 0.15
2 0.38984375 0.47890625 0.04921875 0.13359375
2 0.5015625 0.39921875 0.040625 0.10859375
2 0.55625 0.36015625 0.02578125 0.09609375
2 0.5171875 0.54921875 0.04921875 0.134375