2 0.0671875 0.8375 0.109375 0.1875
2 0.2984375 0.6359375 0.06953125 0.15390625
2 0.3125 0.57109375 0.05234375 0.10625
2 0.4421875 0.45703125 0.04296875 0.09453125
2 0.48671875 0.47265625 0.034375 0.10546875
2 0.56171875 0.39453125 0.0203125 0.071875
2 0.58515625 0.3703125 0.0171875 0.059375
2 0.63671875 0.37265625 0.0171875 0.04921875
2 0.5953125 0.35859375 0.015625 0.05078125
2 0.63984375 0.325 0.01171875 0.03828125
2 0.66171875 0.3140625 0.01015625 0.04296875
2 0.68515625 0.3203125 0.01171875 0.04453125
1 0.6015625 0.71796875 0.19296875 0.38046875
1 0.65390625 0.42421875 0.07265625 0.0953125
1 0.73203125 0.4328125 0.06328125 0.0953125
1 0.728125 0.32109375 0.03671875 0.0671875
1 0.62734375 0.3609375 0.05859375 0.07109375