2 0.78828125 0.35390625 0.01328125 0.059375
2 0.76171875 0.3421875 0.0140625 0.05625
2 0.73671875 0.3390625 0.0109375 0.059375
2 0.72734375 0.33046875 0.015625 0.05234375
2 0.76796875 0.334375 0.01171875 0.05390625
2 0.78125 0.34140625 0.01015625 0.0546875
2 0.6796875 0.315625 0.01171875 0.04453125
2 0.71953125 0.28515625 0.0109375 0.0328125
2 0.759375 0.29453125 0.009375 0.0359375
2 0.77421875 0.3015625 0.00703125 0.03359375
2 0.78125 0.30859375 0.009375 0.034375
1 0.728125 0.26328125 0.015625 0.02578125
1 0.75546875 0.25234375 0.009375 0.01796875
2 0.7625 0.278125 0.00546875 0.02890625
2 0.78203125 0.278125 0.00625 0.02421875
2 0.7734375 0.28125 0.00625 0.0296875