0 0.2609375 0.3796875 0.23828125 0.2328125
1 0.28203125 0.625 0.2265625 0.28359375
1 0.47578125 0.46953125 0.13125 0.165625
1 0.6140625 0.46640625 0.1234375 0.13984375
1 0.58359375 0.39296875 0.090625 0.10078125
1 0.671875 0.31640625 0.0765625 0.10546875
1 0.72265625 0.27109375 0.06171875 0.0859375
1 0.765625 0.24765625 0.04375 0.0640625
1 0.49140625 0.58984375 0.15625 0.16171875
2 0.265625 0.79375 0.08125 0.20234375
2 0.43359375 0.70859375 0.06171875 0.153125
2 0.475 0.76015625 0.06171875 0.19140625
2 0.5390625 0.76953125 0.0515625 0.16953125
2 0.63828125 0.85625 0.0796875 0.1875
2 0.7375 0.76640625 0.0453125 0.1765625
2 0.6734375 0.7328125 0.04609375 0.13359375
2 0.62421875 0.7 0.0515625 0.1609375
2 0.5890625 0.66640625 0.046875 0.15546875
2 0.659375 0.5296875 0.0359375 0.13046875
2 0.73515625 0.4828125 0.03203125 0.11015625
2 0.7609375 0.43671875 0.02421875 0.10078125
2 0.73515625 0.3828125 0.02734375 0.09453125
2 0.81640625 0.3078125 0.02734375 0.09453125
2 0.77734375 0.3015625 0.021875 0.09140625
2 0.7546875 0.28515625 0.02421875 0.07890625
2 0.64453125 0.36875 0.021875 0.06953125
2 0.56796875 0.43828125 0.0421875 0.10625