2 0.0265625 0.68046875 0.053125 0.096875
2 0.20625 0.515625 0.0578125 0.08671875
2 0.1609375 0.95390625 0.0703125 0.0921875
2 0.19375 0.8875 0.06484375 0.11484375
2 0.2890625 0.8578125 0.05859375 0.14921875
2 0.33671875 0.7546875 0.0546875 0.15390625
2 0.39921875 0.73671875 0.04375 0.11796875
2 0.46796875 0.60703125 0.03515625 0.10078125
2 0.38359375 0.53671875 0.040625 0.0984375
2 0.45625 0.51640625 0.040625 0.10390625
2 0.51953125 0.48515625 0.0328125 0.09140625
2 0.6015625 0.45 0.02578125 0.0828125
1 0.58125 0.39375 0.0796875 0.11328125
1 0.67734375 0.3078125 0.05703125 0.08828125
3 0.3046875 0.71484375 0.14765625 0.17578125
3 0.371875 0.45234375 0.1203125 0.134375