1 0.284375 0.61953125 0.22421875 0.2765625
1 0.47578125 0.46953125 0.159375 0.15625
1 0.615625 0.4828125 0.11640625 0.15703125
1 0.5828125 0.39296875 0.08671875 0.1140625
1 0.6734375 0.315625 0.08828125 0.096875
1 0.1296875 0.44765625 0.1984375 0.17578125
1 0.78984375 0.21875 0.04453125 0.08125
1 0.8328125 0.184375 0.046875 0.0796875
1 0.65546875 0.22578125 0.06328125 0.0734375
2 0.7421875 0.3734375 0.02421875 0.109375
2 0.6765625 0.37265625 0.034375 0.1109375
2 0.63984375 0.86796875 0.06640625 0.22109375
2 0.625 0.58046875 0.03984375 0.1203125
2 0.63671875 0.6796875 0.05078125 0.1609375
2 0.58359375 0.81875 0.05234375 0.209375
2 0.5375 0.76015625 0.05 0.190625
2 0.52734375 0.675 0.05234375 0.14609375
2 0.475 0.76796875 0.0765625 0.18984375
2 0.43203125 0.72109375 0.0546875 0.18515625
2 0.25546875 0.79375 0.09296875 0.2046875
1 0.48671875 0.609375 0.165625 0.2015625