1 0.484375 0.4828125 0.13671875 0.1796875
1 0.54453125 0.59609375 0.1453125 0.19921875
1 0.6390625 0.44921875 0.103125 0.1828125
1 0.61015625 0.378125 0.10390625 0.12265625
1 0.6875 0.3171875 0.06796875 0.08984375
1 0.5421875 0.253125 0.0875 0.103125
1 0.73203125 0.27734375 0.059375 0.07578125
1 0.7765625 0.24140625 0.05546875 0.07890625
2 0.3953125 0.70625 0.08203125 0.2140625
2 0.1484375 0.54453125 0.0640625 0.1359375
2 0.08828125 0.41953125 0.0734375 0.1171875
2 0.2515625 0.32265625 0.04453125 0.075
2 0.3375 0.4296875 0.0515625 0.1125
2 0.39765625 0.34140625 0.04453125 0.08359375
2 0.7734375 0.534375 0.0359375 0.15703125
2 0.68125 0.56328125 0.03046875 0.14609375
2 0.73671875 0.44296875 0.02890625 0.11328125
2 0.76640625 0.38515625 0.02734375 0.08984375
2 0.79609375 0.28203125 0.02265625 0.0765625
2 0.7671875 0.30390625 0.01953125 0.06640625
2 0.71953125 0.3546875 0.02734375 0.09921875