1 0.215625 0.3515625 0.01953125 0.02578125
1 0.21953125 0.37734375 0.0265625 0.03984375
1 0.27734375 0.415625 0.04140625 0.05703125
2 0.17734375 0.46484375 0.02578125 0.07890625
2 0.19765625 0.38203125 0.01171875 0.04453125
2 0.3171875 0.42265625 0.015625 0.0609375
2 0.346875 0.43125 0.0171875 0.06484375
2 0.38515625 0.46328125 0.0296875 0.0796875
2 0.40546875 0.48984375 0.03203125 0.09765625
2 0.45078125 0.484375 0.03203125 0.09296875
2 0.51328125 0.52265625 0.03671875 0.1046875
2 0.575 0.60703125 0.05078125 0.14921875