1 0.58515625 0.54375 0.20859375 0.375
1 0.41953125 0.45546875 0.21484375 0.30078125
1 0.64921875 0.25625 0.07265625 0.11875
1 0.56015625 0.31640625 0.11484375 0.1953125
2 0.45 0.53828125 0.08046875 0.2328125
2 0.72265625 0.79140625 0.08515625 0.31484375
2 0.26171875 0.484375 0.07578125 0.22421875
2 0.28671875 0.69921875 0.09296875 0.334375
2 0.6 0.778125 0.10703125 0.340625
2 0.7140625 0.63671875 0.0796875 0.27890625
2 0.709375 0.553125 0.05390625 0.2421875
2 0.365625 0.37578125 0.04375 0.0953125
2 0.47734375 0.284375 0.0421875 0.06484375
2 0.52109375 0.2625 0.03046875 0.0734375