1 0.43671875 0.39140625 0.159375 0.228125
1 0.57734375 0.69296875 0.24296875 0.54296875
1 0.73125 0.34375 0.0921875 0.15859375
1 0.59765625 0.2765625 0.08671875 0.121875
1 0.06875 0.8109375 0.13671875 0.3703125
2 0.69375 0.8390625 0.07890625 0.3140625
2 0.31796875 0.82421875 0.12265625 0.3484375
2 0.65078125 0.35234375 0.04453125 0.15
2 0.24921875 0.66640625 0.11796875 0.328125
2 0.69765625 0.2515625 0.02890625 0.10078125
2 0.13203125 0.896875 0.15703125 0.20234375
2 0.6078125 0.39453125 0.04296875 0.1125
2 0.76796875 0.53828125 0.0421875 0.21953125
2 0.525 0.515625 0.06171875 0.21640625
1 0.68984375 0.18984375 0.0546875 0.09375
1 0.7359375 0.16015625 0.0375 0.0625
1 0.7546875 0.1328125 0.0296875 0.0625
1 0.75078125 0.240625 0.025 0.07265625