2 0.6953125 0.78125 0.08671875 0.31328125
2 0.71875 0.584375 0.065625 0.2359375
2 0.515625 0.51328125 0.03984375 0.20234375
2 0.44375 0.58671875 0.07109375 0.25625
2 0.33046875 0.54921875 0.0859375 0.24375
2 0.29296875 0.47109375 0.06484375 0.20859375
2 0.38046875 0.40625 0.06328125 0.1453125
1 0.471875 0.42578125 0.16328125 0.20078125
1 0.609375 0.26015625 0.08125 0.1125
1 0.646875 0.30625 0.0859375 0.153125
1 0.71640625 0.36953125 0.1046875 0.18984375
1 0.5953125 0.5515625 0.16328125 0.29140625
2 0.71171875 0.20078125 0.02109375 0.07421875
2 0.7515625 0.1609375 0.015625 0.06953125