1 0.45859375 0.4046875 0.1625 0.23125
2 0.6734375 0.68515625 0.0703125 0.3046875
2 0.4359375 0.54296875 0.07109375 0.2125
2 0.74453125 0.6421875 0.06171875 0.25703125
2 0.29609375 0.5078125 0.08671875 0.22421875
2 0.59921875 0.6453125 0.06640625 0.26171875
2 0.74375 0.48046875 0.05078125 0.16875
2 0.51875 0.56875 0.07265625 0.234375
2 0.553125 0.390625 0.05703125 0.1609375
2 0.503125 0.48671875 0.05078125 0.1984375
2 0.68984375 0.52265625 0.05 0.15078125
2 0.26328125 0.47890625 0.06796875 0.19609375
2 0.3515625 0.4015625 0.06484375 0.16875
2 0.42421875 0.33671875 0.04453125 0.109375