1 0.40234375 0.8109375 0.228125 0.365625
2 0.26640625 0.7359375 0.0734375 0.20390625
2 0.30390625 0.5203125 0.04765625 0.1203125
2 0.42265625 0.47109375 0.04609375 0.08828125
1 0.7 0.521875 0.0890625 0.20078125
1 0.5734375 0.35078125 0.059375 0.0609375
1 0.70703125 0.40234375 0.05703125 0.08984375
1 0.71953125 0.34765625 0.04140625 0.05625
3 0.68125 0.30859375 0.0390625 0.06328125
3 0.56328125 0.49296875 0.14453125 0.2640625
2 0.64375 0.43515625 0.021875 0.0921875
2 0.7546875 0.35546875 0.01171875 0.05859375
2 0.74375 0.446875 0.01875 0.09140625
2 0.7609375 0.32421875 0.0109375 0.04140625
1 0.78046875 0.29609375 0.01953125 0.03984375
1 0.71328125 0.28828125 0.02421875 0.028125
1 0.734375 0.27421875 0.01953125 0.028125
2 0.628125 0.33828125 0.01328125 0.040625