2 0.40078125 0.959375 0.0359375 0.08125
2 0.3796875 0.88671875 0.0265625 0.13203125
2 0.38984375 0.8390625 0.02421875 0.12734375
2 0.45546875 0.95859375 0.04453125 0.08203125
2 0.42265625 0.87421875 0.0296875 0.121875
2 0.421875 0.80234375 0.02578125 0.10390625
2 0.54453125 0.8203125 0.03046875 0.1015625
2 0.55625 0.7734375 0.0234375 0.09296875
2 0.57109375 0.8859375 0.0375 0.140625
2 0.59296875 0.8359375 0.03515625 0.128125
2 0.6203125 0.95234375 0.03046875 0.09453125
2 0.634375 0.9078125 0.0375 0.13046875
2 0.69765625 0.96953125 0.04140625 0.0609375
2 0.73515625 0.946875 0.05546875 0.10625
2 0.89296875 0.95078125 0.0734375 0.0984375
2 0.81640625 0.903125 0.03359375 0.07890625
2 0.8296875 0.878125 0.05 0.115625
2 0.7703125 0.9 0.04296875 0.1078125
2 0.74375 0.82890625 0.034375 0.103125
2 0.77265625 0.809375 0.0359375 0.11953125
2 0.73671875 0.75390625 0.03515625 0.09609375
2 0.70703125 0.77734375 0.03125 0.10625
2 0.6921875 0.72421875 0.034375 0.09140625
2 0.64375 0.703125 0.03203125 0.0625
2 0.36796875 0.66796875 0.028125 0.08828125
2 0.44375 0.6234375 0.02421875 0.06953125
2 0.36171875 0.51328125 0.01640625 0.0578125
2 0.43984375 0.49453125 0.0171875 0.03828125
2 0.43203125 0.47421875 0.01484375 0.046875
2 0.50859375 0.503125 0.01328125 0.06015625
2 0.52421875 0.5125 0.0171875 0.05078125
2 0.45 0.42578125 0.01328125 0.040625
2 0.4421875 0.39921875 0.01796875 0.040625
2 0.346875 0.31328125 0.01015625 0.03125
2 0.3671875 0.31875 0.009375 0.0296875
2 0.32890625 0.2984375 0.00859375 0.02734375
2 0.32890625 0.2515625 0.00625 0.0171875
2 0.34296875 0.26484375 0.00546875 0.0171875
2 0.3265625 0.2203125 0.00625 0.01171875
1 0.56640625 0.97421875 0.078125 0.05078125
1 0.82890625 0.95703125 0.1125 0.0859375
1 0.57421875 0.6828125 0.08828125 0.14140625
1 0.50703125 0.6890625 0.07578125 0.1375
1 0.4359375 0.6828125 0.0640625 0.14609375
1 0.3953125 0.5859375 0.0546875 0.10234375
1 0.3625 0.43203125 0.03046875 0.06484375
1 0.409375 0.496875 0.03984375 0.07578125
1 0.4828125 0.6 0.05859375 0.1
1 0.4453125 0.55390625 0.04296875 0.08515625
1 0.47890625 0.51171875 0.0453125 0.08046875
1 0.43046875 0.43203125 0.03125 0.0703125
1 0.40546875 0.40859375 0.02890625 0.0546875
1 0.396875 0.36953125 0.03125 0.05
1 0.41171875 0.33984375 0.02421875 0.0328125
1 0.35 0.27890625 0.0109375 0.021875
3 0.50546875 0.86640625 0.109375 0.25703125
3 0.5296875 0.57734375 0.07109375 0.0953125
3 0.5796875 0.5390625 0.08359375 0.13828125
3 0.496875 0.44375 0.04140625 0.065625
3 0.4625 0.38359375 0.02890625 0.05234375
3 0.446875 0.3625 0.02890625 0.053125
1 0.66875 0.81171875 0.11484375 0.18515625