2 0.7734375 0.96328125 0.05 0.0734375
2 0.62578125 0.665625 0.0328125 0.1046875
2 0.36796875 0.4078125 0.01328125 0.04453125
2 0.353125 0.38671875 0.01015625 0.04609375
2 0.34296875 0.371875 0.01171875 0.04140625
1 0.3890625 0.47265625 0.03828125 0.075
1 0.36875 0.371875 0.025 0.04453125
1 0.39140625 0.34453125 0.02578125 0.0484375
1 0.403125 0.321875 0.0234375 0.0359375
1 0.38515625 0.29765625 0.0171875 0.0265625
3 0.47578125 0.4 0.0359375 0.0671875
3 0.45234375 0.37109375 0.0296875 0.065625
2 0.3375 0.3296875 0.009375 0.03125
2 0.3296875 0.31796875 0.00859375 0.03046875
2 0.36171875 0.29765625 0.00703125 0.025
2 0.3703125 0.303125 0.0078125 0.0296875