1 0.76484375 0.89296875 0.2953125 0.2140625
2 0.3625 0.87578125 0.078125 0.2484375
2 0.8375 0.72890625 0.06171875 0.16796875
2 0.34921875 0.52109375 0.03046875 0.09921875
2 0.309375 0.54453125 0.028125 0.11171875
2 0.2515625 0.5453125 0.0234375 0.1078125
2 0.271875 0.478125 0.02265625 0.0796875
2 0.309375 0.47109375 0.021875 0.06875
2 0.2109375 0.46484375 0.01640625 0.0796875
2 0.184375 0.44375 0.01640625 0.06171875
2 0.2390625 0.38125 0.01484375 0.04296875
2 0.290625 0.39921875 0.01484375 0.0515625
2 0.17578125 0.40390625 0.0109375 0.040625
2 0.2140625 0.39375 0.01015625 0.04453125
2 0.1609375 0.37578125 0.009375 0.0375