2 0.92109375 0.40859375 0.03203125 0.071875
2 0.87265625 0.39296875 0.03515625 0.0671875
2 0.784375 0.4171875 0.0546875 0.0828125
2 0.596875 0.43046875 0.06796875 0.0921875
2 0.54609375 0.46484375 0.06953125 0.12734375
2 0.421875 0.5265625 0.090625 0.1140625
2 0.421875 0.45859375 0.0671875 0.10234375
2 0.7171875 0.91875 0.1359375 0.1625
2 0.97421875 0.95 0.0515625 0.1
2 0.39765625 0.29296875 0.021875 0.05859375
2 0.36875 0.3125 0.01484375 0.03828125
2 0.37578125 0.28046875 0.01484375 0.0484375
2 0.346875 0.290625 0.0171875 0.065625
2 0.32265625 0.2671875 0.01484375 0.065625
1 0.36171875 0.25859375 0.04453125 0.0515625