2 0.66953125 0.8484375 0.0609375 0.19453125
2 0.684375 0.5609375 0.0265625 0.103125
2 0.79765625 0.4953125 0.021875 0.090625
2 0.8078125 0.45234375 0.02109375 0.06796875
2 0.76484375 0.403125 0.01875 0.05703125
2 0.7171875 0.43046875 0.01953125 0.0671875
2 0.68046875 0.4796875 0.021875 0.07578125
2 0.49609375 0.5390625 0.021875 0.08984375
2 0.4515625 0.4609375 0.0171875 0.0671875
2 0.428125 0.465625 0.0171875 0.0703125
2 0.3625 0.44453125 0.01796875 0.05703125
2 0.3734375 0.390625 0.0140625 0.040625
2 0.41875 0.371875 0.0109375 0.04296875
2 0.4328125 0.3640625 0.009375 0.04296875