1 0.63203125 0.69375 0.15546875 0.27734375
1 0.43359375 0.5828125 0.16171875 0.1890625
1 0.69453125 0.45234375 0.08203125 0.13515625
1 0.7078125 0.359375 0.04765625 0.084375
1 0.709375 0.3015625 0.02890625 0.0515625
1 0.65078125 0.371875 0.05390625 0.06953125
1 0.5984375 0.33671875 0.07734375 0.0984375
1 0.48984375 0.43203125 0.096875 0.09375
2 0.575 0.40078125 0.01953125 0.08125
2 0.5640625 0.38671875 0.0140625 0.071875
2 0.534375 0.39140625 0.02265625 0.05546875
2 0.675 0.3140625 0.01171875 0.0453125
2 0.7671875 0.3296875 0.01171875 0.046875
2 0.78515625 0.29375 0.0078125 0.040625
2 0.428125 0.478125 0.0375 0.0625
2 0.14765625 0.56953125 0.0546875 0.103125
2 0.1375 0.67578125 0.05625 0.0765625
1 0.1703125 0.83046875 0.25546875 0.27265625
1 0.29296875 0.54375 0.12421875 0.10625