1 0.65390625 0.4484375 0.14453125 0.246875
1 0.41328125 0.38046875 0.159375 0.21015625
1 0.7296875 0.32421875 0.0828125 0.1640625
1 0.55625 0.31484375 0.1 0.13359375
1 0.68203125 0.215625 0.05390625 0.09921875
1 0.73125 0.1609375 0.0453125 0.07421875
2 0.6125 0.703125 0.07109375 0.2828125
2 0.55703125 0.63203125 0.07109375 0.278125
2 0.28984375 0.48125 0.07890625 0.196875
2 0.67421875 0.57578125 0.05546875 0.246875
2 0.746875 0.6 0.06015625 0.2265625
2 0.421875 0.55234375 0.075 0.21875
2 0.36171875 0.525 0.06484375 0.22734375
1 0.621875 0.2484375 0.071875 0.13203125
2 0.471875 0.44609375 0.05546875 0.18515625
2 0.5046875 0.39609375 0.04609375 0.15546875
2 0.5578125 0.3734375 0.0375 0.15078125
2 0.590625 0.3359375 0.03125 0.13203125
2 0.76484375 0.4921875 0.04453125 0.184375
2 0.79453125 0.3984375 0.0421875 0.14765625