1 0.4546875 0.89453125 0.1 0.2109375
1 0.56484375 0.8078125 0.10234375 0.1984375
1 0.75546875 0.9078125 0.15546875 0.184375
1 0.71796875 0.78828125 0.109375 0.1578125
1 0.578125 0.659375 0.075 0.13359375
1 0.5375 0.57421875 0.0625 0.11171875
1 0.42890625 0.565625 0.0453125 0.0953125
1 0.4765625 0.5234375 0.0515625 0.08046875
1 0.45703125 0.47578125 0.04453125 0.0703125
1 0.39765625 0.46640625 0.0359375 0.07421875
1 0.42890625 0.43828125 0.0328125 0.06640625
2 0.60390625 0.96171875 0.040625 0.07578125
2 0.64453125 0.94140625 0.03828125 0.11640625
2 0.7046875 0.9625 0.0375 0.075
2 0.84453125 0.9546875 0.0546875 0.090625
2 0.90234375 0.95234375 0.0625 0.0953125
2 0.44921875 0.7671875 0.0375 0.0984375
2 0.58984375 0.6109375 0.025 0.06875
2 0.61484375 0.61015625 0.03203125 0.07421875
2 0.58515625 0.56015625 0.025 0.06640625
2 0.571875 0.5296875 0.02109375 0.05703125
2 0.61328125 0.5796875 0.02421875 0.06015625
2 0.43984375 0.5546875 0.00078125 0.0015625
3 0.4796875 0.659375 0.084375 0.20546875
2 0.53203125 0.4921875 0.0203125 0.05703125
2 0.5109375 0.4578125 0.0140625 0.0546875
2 0.49921875 0.44296875 0.0109375 0.05625
1 0.4078125 0.36875 0.028125 0.04453125
2 0.38828125 0.31796875 0.01015625 0.02890625
2 0.334375 0.30703125 0.009375 0.02890625