1 0.4515625 0.57109375 0.1453125 0.16015625
2 0.6140625 0.49296875 0.06171875 0.08125
2 0.4265625 0.4078125 0.01875 0.04296875
2 0.23203125 0.7484375 0.08515625 0.159375
2 0.02265625 0.83203125 0.0453125 0.18125
2 0.82109375 0.56171875 0.02734375 0.10546875
2 0.9640625 0.74453125 0.071875 0.1828125
2 0.75234375 0.49375 0.025 0.1046875
2 0.7828125 0.50625 0.0203125 0.0984375
2 0.809375 0.4328125 0.02421875 0.06796875
2 0.59375 0.4234375 0.03359375 0.0703125
2 0.49375 0.41015625 0.02578125 0.0609375
2 0.36640625 0.384375 0.01171875 0.04140625
2 0.3953125 0.38984375 0.0140625 0.04453125
2 0.40390625 0.36953125 0.01171875 0.0390625
2 0.41875 0.3703125 0.01171875 0.0359375