2 0.81875 0.7375 0.096875 0.2171875
2 0.62734375 0.51796875 0.065625 0.16640625
2 0.5421875 0.42265625 0.05390625 0.11171875
2 0.48203125 0.33984375 0.04140625 0.08984375
2 0.41796875 0.90703125 0.09609375 0.1859375
2 0.25078125 0.8015625 0.11015625 0.16796875
2 0.25546875 0.56484375 0.06484375 0.1484375
2 0.96015625 0.378125 0.02734375 0.0578125
2 0.28515625 0.246875 0.0140625 0.0390625
1 0.328125 0.24765625 0.0359375 0.06484375
1 0.4078125 0.3296875 0.06953125 0.11171875
1 0.73671875 0.39140625 0.125 0.13125