1 0.62890625 0.65625 0.18671875 0.4
1 0.75078125 0.26796875 0.02265625 0.0953125
3 0.55 0.325 0.16953125 0.2703125
2 0.23046875 0.4859375 0.0921875 0.2
2 0.4078125 0.5625 0.0875 0.22578125
2 0.5 0.59140625 0.06875 0.19921875
2 0.57265625 0.515625 0.05859375 0.21640625
2 0.35234375 0.5375 0.078125 0.23359375
2 0.315625 0.49453125 0.0859375 0.23828125
2 0.64609375 0.37890625 0.040625 0.13671875
2 0.490625 0.453125 0.0546875 0.16328125
2 0.6109375 0.42578125 0.04609375 0.15234375
2 0.6796875 0.41875 0.04453125 0.11328125