1 0.3125 0.6296875 0.2171875 0.19609375
1 0.89375 0.7390625 0.2078125 0.2375
1 0.34921875 0.36953125 0.0765625 0.0921875
1 0.66875 0.4125 0.04609375 0.028125
2 0.89765625 0.56015625 0.053125 0.09453125
2 0.71015625 0.66484375 0.09921875 0.18515625
2 0.75546875 0.540625 0.07578125 0.121875
2 0.81875 0.48671875 0.04921875 0.103125
2 0.8953125 0.5125 0.0625 0.0953125
2 0.9328125 0.50234375 0.0421875 0.1125
2 0.85859375 0.40078125 0.03828125 0.09140625
2 0.15625 0.56875 0.0796875 0.13125
2 0.2546875 0.503125 0.06796875 0.07109375
2 0.92109375 0.853125 0.1 0.20703125