1 0.3859375 0.46875 0.2078125 0.28515625
1 0.6296875 0.6234375 0.1890625 0.37109375
1 0.584375 0.31640625 0.11328125 0.14375
2 0.734375 0.2046875 0.0171875 0.08359375
2 0.496875 0.61015625 0.0765625 0.253125
2 0.66328125 0.38828125 0.059375 0.1203125
2 0.7578125 0.34453125 0.02890625 0.1265625
2 0.70859375 0.38203125 0.03203125 0.15703125
2 0.4390625 0.53828125 0.0828125 0.2359375
2 0.50234375 0.4515625 0.04609375 0.18359375
2 0.53984375 0.39140625 0.04140625 0.159375
2 0.50625 0.3515625 0.040625 0.1328125