1 0.9296875 0.43203125 0.09765625 0.10234375
1 0.11328125 0.6703125 0.22578125 0.30625
1 0.40625 0.5984375 0.171875 0.265625
2 0.28203125 0.56953125 0.06484375 0.18515625
1 0.55625 0.46796875 0.0671875 0.16953125
1 0.375 0.4359375 0.08125 0.153125
2 0.30234375 0.4421875 0.0390625 0.096875
2 0.45 0.41015625 0.025 0.0953125
1 0.484375 0.35703125 0.03671875 0.08828125
1 0.52421875 0.31796875 0.028125 0.06484375
2 0.8 0.38203125 0.03125 0.08203125
2 0.7609375 0.37265625 0.03828125 0.10625
2 0.66328125 0.32421875 0.0296875 0.07734375
1 0.47578125 0.3046875 0.034375 0.07265625