1 0.359375 0.46015625 0.19609375 0.27578125
1 0.7140625 0.45078125 0.12890625 0.2546875
3 0.5921875 0.29296875 0.1046875 0.19609375
2 0.3640625 0.8453125 0.1203125 0.30546875
2 0.48046875 0.49296875 0.06015625 0.21328125
2 0.69921875 0.21328125 0.01953125 0.08046875
2 0.58046875 0.7296875 0.075 0.30703125
2 0.7171875 0.69609375 0.065625 0.28828125
2 0.7796875 0.57890625 0.06171875 0.25625
2 0.54140625 0.2890625 0.02890625 0.11640625
2 0.62109375 0.47109375 0.05078125 0.196875
2 0.52421875 0.62890625 0.0671875 0.253125
2 0.603125 0.865625 0.1 0.26875
2 0.56328125 0.51953125 0.04765625 0.2109375
2 0.63671875 0.4015625 0.0328125 0.15390625
2 0.66640625 0.3453125 0.0265625 0.13359375
2 0.6875 0.353125 0.034375 0.1234375
1 0.7421875 0.29453125 0.07109375 0.08828125