1 0.28046875 0.828125 0.26015625 0.2796875
2 0.4828125 0.46484375 0.0328125 0.065625
2 0.32578125 0.53984375 0.0453125 0.084375
2 0.146875 0.61171875 0.065625 0.12265625
2 0.0765625 0.6234375 0.06796875 0.1109375
2 0.59921875 0.42734375 0.03515625 0.06796875
2 0.65625 0.415625 0.025 0.059375
2 0.725 0.403125 0.02734375 0.0609375
2 0.825 0.5765625 0.03671875 0.12109375
2 0.43125 0.3796875 0.01015625 0.05
2 0.4171875 0.3734375 0.0109375 0.046875
2 0.8421875 0.40546875 0.0171875 0.053125
2 0.8375 0.3859375 0.0109375 0.04765625