1 0.46484375 0.50546875 0.0671875 0.09375
1 0.66328125 0.4734375 0.0484375 0.09296875
2 0.7328125 0.66953125 0.0453125 0.1484375
2 0.8453125 0.6203125 0.0421875 0.13671875
2 0.78671875 0.54140625 0.0265625 0.11640625
2 0.77109375 0.3984375 0.0125 0.05390625
1 0.8015625 0.3859375 0.0484375 0.0609375
2 0.3953125 0.4484375 0.0171875 0.06953125
2 0.34921875 0.38984375 0.0125 0.0421875
2 0.37109375 0.39296875 0.0109375 0.04609375
2 0.3953125 0.37421875 0.0125 0.03984375
2 0.41953125 0.375 0.01015625 0.040625
1 0.39765625 0.36484375 0.03125 0.04609375
1 0.3578125 0.36171875 0.02421875 0.040625