1 0.5765625 0.61796875 0.12265625 0.15859375
1 0.46953125 0.49921875 0.0671875 0.0859375
2 0.49140625 0.67421875 0.03984375 0.1609375
2 0.675 0.5015625 0.0265625 0.1046875
2 0.81953125 0.578125 0.03515625 0.14140625
2 0.96796875 0.7578125 0.0640625 0.20078125
2 0.78359375 0.4625 0.02734375 0.08828125
2 0.696875 0.3921875 0.02734375 0.053125
2 0.71953125 0.4328125 0.01953125 0.071875
1 0.65625 0.453125 0.04921875 0.09609375
2 0.28125 0.5125 0.0375 0.09609375
2 0.0296875 0.625 0.05625 0.10078125
2 0.40546875 0.48515625 0.0234375 0.090625
2 0.4359375 0.509375 0.0234375 0.115625
1 0.4 0.434375 0.04453125 0.08984375
3 0.37578125 0.36171875 0.0296875 0.07109375
1 0.35625 0.36015625 0.0203125 0.04453125
2 0.41640625 0.37265625 0.0140625 0.05234375
2 0.40234375 0.36796875 0.015625 0.03984375
3 0.8078125 0.3765625 0.0609375 0.0625