2 0.86953125 0.5578125 0.059375 0.1328125
2 0.73515625 0.49375 0.0515625 0.1078125
2 0.671875 0.73046875 0.10625 0.18984375
2 0.69921875 0.8203125 0.1390625 0.1765625
2 0.94609375 0.70859375 0.07265625 0.15
2 0.940625 0.63203125 0.0703125 0.1453125
2 0.55625 0.5046875 0.0671875 0.13359375
2 0.5015625 0.53359375 0.07109375 0.13046875
2 0.39140625 0.58203125 0.09296875 0.1625
2 0.3984375 0.51640625 0.06640625 0.10703125
2 0.2171875 0.53359375 0.0734375 0.13359375
2 0.16015625 0.59921875 0.08671875 0.1515625
2 0.06953125 0.56953125 0.06953125 0.14765625
2 0.4890625 0.9125 0.16953125 0.15546875
1 0.60859375 0.3125 0.0578125 0.071875