2 0.4140625 0.91015625 0.1140625 0.17890625
2 0.3453125 0.734375 0.1171875 0.12578125
2 0.66796875 0.48359375 0.0546875 0.10234375
2 0.7984375 0.4359375 0.04609375 0.0703125
2 0.46640625 0.471875 0.0515625 0.05
2 0.39296875 0.459375 0.0671875 0.06875
2 0.3421875 0.43515625 0.03671875 0.07421875
2 0.25546875 0.51484375 0.06796875 0.06484375
2 0.20625 0.5734375 0.075 0.0609375
2 0.3015625 0.2828125 0.01484375 0.04609375
1 0.35625 0.34765625 0.0671875 0.0796875
1 0.3640625 0.28125 0.05859375 0.06484375
1 0.35625 0.2328125 0.03828125 0.0515625
1 0.39921875 0.55390625 0.20859375 0.1671875
1 0.90859375 0.40546875 0.08203125 0.09375