1 0.42109375 0.4234375 0.1875 0.26875
1 0.76171875 0.35703125 0.10625 0.184375
1 0.571875 0.28828125 0.10546875 0.1609375
2 0.50234375 0.721875 0.07265625 0.340625
2 0.3171875 0.6671875 0.10546875 0.2859375
2 0.7703125 0.57265625 0.03984375 0.21171875
2 0.65 0.70078125 0.08203125 0.29296875
2 0.71796875 0.59296875 0.06015625 0.23984375
2 0.60546875 0.45703125 0.0515625 0.1875
2 0.515625 0.4625 0.05703125 0.22109375
2 0.6453125 0.5453125 0.05703125 0.20703125
2 0.61640625 0.31875 0.03359375 0.13359375
2 0.55 0.54296875 0.05625 0.21015625
2 0.55390625 0.3828125 0.0359375 0.13828125
2 0.65390625 0.39375 0.0453125 0.15703125
2 0.665625 0.484375 0.04921875 0.19453125
2 0.728125 0.47265625 0.0453125 0.146875
2 0.68671875 0.36875 0.02578125 0.13984375
2 0.66171875 0.278125 0.02578125 0.1125
1 0.65703125 0.2125 0.06796875 0.11171875
1 0.71484375 0.16484375 0.0484375 0.07890625
3 0.7375 0.2515625 0.06015625 0.15390625
1 0.75390625 0.13828125 0.03125 0.0515625