2 0.43984375 0.96171875 0.034375 0.07578125
2 0.7640625 0.934375 0.053125 0.13125
2 0.70859375 0.85234375 0.03984375 0.12734375
2 0.76171875 0.82734375 0.04296875 0.1359375
2 0.65859375 0.75 0.03203125 0.1140625
2 0.6828125 0.73046875 0.028125 0.096875
2 0.6359375 0.69921875 0.0265625 0.0828125
2 0.66328125 0.678125 0.0234375 0.08203125
2 0.6140625 0.628125 0.021875 0.075
2 0.4046875 0.68203125 0.021875 0.090625
2 0.51484375 0.515625 0.01875 0.0609375
2 0.47734375 0.46640625 0.0140625 0.04921875
2 0.359375 0.28671875 0.00859375 0.02265625
2 0.3546875 0.27890625 0.00546875 0.02421875
2 0.35 0.27578125 0.00546875 0.02421875
2 0.33203125 0.246875 0.00390625 0.01796875
2 0.3234375 0.240625 0.0046875 0.01875
2 0.3328125 0.2359375 0.00546875 0.01484375
2 0.328125 0.22421875 0.0046875 0.0140625
2 0.31796875 0.2234375 0.00390625 0.0140625
1 0.50625 0.76640625 0.07734375 0.165625
1 0.59921875 0.75078125 0.1109375 0.203125
1 0.45703125 0.61953125 0.05703125 0.1140625
1 0.50703125 0.5875 0.06171875 0.10234375
1 0.46640625 0.51953125 0.0484375 0.09921875
1 0.340625 0.3828125 0.0265625 0.05390625
1 0.36484375 0.32109375 0.01953125 0.034375
1 0.41171875 0.3421875 0.02578125 0.03828125
1 0.34296875 0.2640625 0.0125 0.02421875
3 0.49765625 0.446875 0.04453125 0.07578125
3 0.440625 0.46796875 0.0421875 0.06328125
3 0.4625 0.384375 0.03203125 0.06015625
3 0.446875 0.359375 0.0265625 0.0546875
3 0.32890625 0.7953125 0.11796875 0.2171875
3 0.4296875 0.41328125 0.0484375 0.09140625
0 0.38515625 0.42734375 0.06640625 0.16328125