1 0.46484375 0.865625 0.12421875 0.26875
1 0.575 0.71953125 0.090625 0.1671875
1 0.803125 0.9140625 0.15859375 0.17109375
2 0.6125 0.9484375 0.0453125 0.103125
2 0.89453125 0.9421875 0.0703125 0.115625
2 0.76796875 0.80078125 0.05078125 0.090625
2 0.6328125 0.68203125 0.03125 0.10625
2 0.67578125 0.625 0.028125 0.10078125
2 0.36953125 0.70859375 0.02734375 0.11171875
2 0.34765625 0.6265625 0.02265625 0.0890625
2 0.3578125 0.56796875 0.021875 0.09296875
2 0.4265625 0.50703125 0.02421875 0.07578125
2 0.52421875 0.5453125 0.021875 0.08515625
2 0.55078125 0.4859375 0.02265625 0.075
2 0.5421875 0.43359375 0.02109375 0.0515625
2 0.453125 0.4125 0.0171875 0.05234375
1 0.6015625 0.55546875 0.07890625 0.134375
1 0.41953125 0.421875 0.04453125 0.090625
1 0.50703125 0.45546875 0.05625 0.0984375
3 0.478125 0.525 0.078125 0.18515625
1 0.415625 0.5828125 0.06328125 0.14921875
1 0.36796875 0.3625 0.0359375 0.071875
1 0.33515625 0.33046875 0.0328125 0.06875
1 0.365625 0.2671875 0.03203125 0.05078125
2 0.39765625 0.33671875 0.0140625 0.04921875
2 0.41796875 0.309375 0.01328125 0.04296875
2 0.384375 0.31328125 0.01328125 0.04921875
2 0.36640625 0.3125 0.01171875 0.0359375