1 0.6328125 0.50625 0.15 0.26796875
1 0.4796875 0.3625 0.14296875 0.20859375
1 0.65234375 0.23203125 0.059375 0.10546875
1 0.603125 0.28125 0.08984375 0.14609375
1 0.69609375 0.1875 0.04296875 0.08046875
1 0.7140625 0.33203125 0.10078125 0.190625
2 0.64453125 0.65703125 0.08984375 0.2828125
2 0.5671875 0.35625 0.04296875 0.14765625
2 0.5171875 0.50546875 0.04921875 0.19765625
2 0.44296875 0.4546875 0.06796875 0.17734375
2 0.73203125 0.7015625 0.0625 0.2765625
2 0.721875 0.51953125 0.05078125 0.215625
2 0.78359375 0.37890625 0.03671875 0.1046875
2 0.740625 0.1921875 0.02109375 0.0625
2 0.76015625 0.16328125 0.0140625 0.059375
2 0.296875 0.47421875 0.07265625 0.209375
2 0.36640625 0.47578125 0.090625 0.203125
2 0.775 0.58359375 0.05234375 0.209375
2 0.77265625 0.4671875 0.03828125 0.14375