1 0.54921875 0.31953125 0.1296875 0.1890625
1 0.0734375 0.728125 0.14609375 0.3703125
1 0.70078125 0.45390625 0.1203125 0.23359375
2 0.40703125 0.50546875 0.0734375 0.21328125
2 0.53359375 0.61328125 0.06328125 0.26015625
2 0.68984375 0.74453125 0.07890625 0.3046875
2 0.66796875 0.59296875 0.059375 0.25546875
2 0.57421875 0.5125 0.05 0.21796875
2 0.615625 0.446875 0.0390625 0.18125
2 0.75703125 0.60625 0.04609375 0.25703125
2 0.77578125 0.471875 0.0359375 0.14140625
2 0.65078125 0.39375 0.034375 0.1625
2 0.6703125 0.3421875 0.02578125 0.0953125
2 0.64765625 0.296875 0.02734375 0.11640625
2 0.7046875 0.28671875 0.02890625 0.10859375
2 0.7875 0.37890625 0.02421875 0.1109375
2 0.75625 0.20234375 0.02265625 0.075
2 0.72890625 0.20546875 0.025 0.08203125
2 0.70390625 0.19921875 0.02109375 0.078125
1 0.7421875 0.31328125 0.0796875 0.1515625
1 0.72109375 0.16171875 0.0515625 0.07734375
1 0.75390625 0.1453125 0.028125 0.05390625
3 0.65546875 0.2296875 0.07734375 0.11953125