2 0.3140625 0.8203125 0.13359375 0.21796875
2 0.121875 0.5875 0.08984375 0.13828125
2 0.20625 0.9375 0.159375 0.125
2 0.5 0.83671875 0.13671875 0.22421875
2 0.57109375 0.5296875 0.07421875 0.12421875
2 0.62890625 0.325 0.0265625 0.06015625
2 0.61953125 0.88125 0.1328125 0.2375
2 0.76328125 0.5109375 0.0546875 0.13125
2 0.73125 0.35078125 0.0296875 0.065625
2 0.90078125 0.41484375 0.04765625 0.1109375
1 0.8453125 0.6859375 0.20390625 0.23984375
2 0.88515625 0.8296875 0.1046875 0.25546875
2 0.98125 0.56875 0.0375 0.121875