1 0.35234375 0.853125 0.29140625 0.29296875
1 0.38203125 0.5015625 0.14453125 0.1234375
2 0.28984375 0.51640625 0.05546875 0.09609375
3 0.5390625 0.39140625 0.090625 0.09296875
2 0.1328125 0.56953125 0.0515625 0.10078125
1 0.74140625 0.32890625 0.034375 0.059375
2 0.77890625 0.32578125 0.0125 0.04375
2 0.68125 0.315625 0.0109375 0.0421875
2 0.6953125 0.30234375 0.01015625 0.0390625
1 0.72890625 0.28125 0.0203125 0.03046875
1 0.7734375 0.29453125 0.0203125 0.0421875
1 0.75234375 0.28046875 0.01796875 0.028125