2 0.4171875 0.9015625 0.034375 0.1453125
2 0.4296875 0.42578125 0.0140625 0.06328125
2 0.4125 0.39296875 0.01328125 0.0546875
2 0.346875 0.39375 0.0125 0.0421875
2 0.375 0.36875 0.01015625 0.0453125
2 0.36796875 0.30546875 0.009375 0.025
2 0.35390625 0.28828125 0.009375 0.02578125
2 0.33046875 0.259375 0.00546875 0.0203125
1 0.7765625 0.89375 0.15625 0.2125
3 0.496875 0.44375 0.04375 0.06484375
3 0.46171875 0.384375 0.03046875 0.06015625
3 0.446875 0.36015625 0.028125 0.04921875
1 0.4125 0.340625 0.02265625 0.0421875
1 0.3640625 0.3328125 0.02109375 0.03359375