1 0.37734375 0.509375 0.1421875 0.128125
1 0.53359375 0.42421875 0.09375 0.08203125
2 0.71953125 0.5671875 0.034375 0.16484375
2 0.75859375 0.44609375 0.02265625 0.08984375
1 0.7078125 0.3453125 0.034375 0.06953125
1 0.6578125 0.3515625 0.04453125 0.06953125
1 0.64140625 0.33125 0.040625 0.05625
1 0.728125 0.32578125 0.02890625 0.05390625
1 0.7640625 0.32890625 0.03125 0.05703125
1 0.77265625 0.31640625 0.02578125 0.053125
1 0.72265625 0.27578125 0.02109375 0.03203125
1 0.778125 0.2765625 0.01875 0.03046875