2 0.37421875 0.6546875 0.02890625 0.090625
2 0.38515625 0.81796875 0.03203125 0.128125
2 0.41640625 0.928125 0.04296875 0.14375
2 0.453125 0.95546875 0.0375 0.0890625
2 0.53046875 0.7625 0.03203125 0.11953125
2 0.91171875 0.953125 0.065625 0.09375
2 0.82890625 0.95078125 0.05703125 0.0984375
2 0.84375 0.91171875 0.0546875 0.146875
2 0.784375 0.875 0.046875 0.13515625
2 0.79453125 0.8359375 0.04375 0.12890625
2 0.775 0.90703125 0.04609375 0.07578125
2 0.69140625 0.68046875 0.03046875 0.06796875
2 0.66171875 0.65546875 0.0359375 0.0796875
2 0.62109375 0.63515625 0.02890625 0.08515625
2 0.53203125 0.55234375 0.02265625 0.075
2 0.43359375 0.38359375 0.0140625 0.03984375
2 0.3796875 0.31953125 0.0109375 0.03046875
2 0.328125 0.31015625 0.01015625 0.03046875
1 0.5015625 0.8828125 0.096875 0.22265625
1 0.64453125 0.94296875 0.1015625 0.1140625
1 0.7703125 0.95546875 0.109375 0.0890625
1 0.6953125 0.765625 0.103125 0.15390625
1 0.61328125 0.809375 0.1046875 0.17734375
1 0.5671875 0.66953125 0.07890625 0.13359375
1 0.4515625 0.62421875 0.06015625 0.13203125
3 0.5015625 0.6 0.05703125 0.10390625
1 0.4078125 0.41953125 0.0375 0.06015625
1 0.3953125 0.31171875 0.0203125 0.03359375