2 0.40078125 0.96171875 0.03515625 0.0765625
2 0.4375 0.9296875 0.0359375 0.140625
2 0.58125 0.921875 0.03984375 0.146875
2 0.61796875 0.953125 0.04296875 0.09375
2 0.57890625 0.84765625 0.034375 0.1
2 0.559375 0.79609375 0.02890625 0.0953125
2 0.54453125 0.746875 0.02734375 0.1015625
2 0.53046875 0.7078125 0.021875 0.09765625
2 0.62890625 0.7421875 0.0328125 0.09140625
2 0.90234375 0.95859375 0.0625 0.0828125
2 0.85234375 0.89609375 0.05390625 0.12265625
2 0.790625 0.821875 0.034375 0.0640625
2 0.7546875 0.78984375 0.0359375 0.1078125
2 0.7328125 0.74375 0.02265625 0.08125
2 0.703125 0.7046875 0.028125 0.096875
2 0.70390625 0.825 0.07265625 0.15546875
2 0.6765625 0.66328125 0.02109375 0.09453125
2 0.65390625 0.6234375 0.02109375 0.078125
2 0.625 0.5890625 0.0203125 0.06171875
2 0.5109375 0.66015625 0.021875 0.0890625
2 0.4546875 0.61484375 0.01875 0.07578125
2 0.4796875 0.59453125 0.0203125 0.0703125
2 0.4796875 0.56015625 0.02578125 0.0546875
2 0.4765625 0.53671875 0.02265625 0.05703125
2 0.41796875 0.59140625 0.0203125 0.07421875
2 0.3703125 0.521875 0.01875 0.0671875
2 0.44921875 0.52734375 0.01640625 0.06875
2 0.528125 0.5296875 0.0234375 0.053125
1 0.80703125 0.91640625 0.140625 0.16640625
1 0.503125 0.90703125 0.096875 0.1859375
1 0.63671875 0.8546875 0.11171875 0.20546875
1 0.42421875 0.71328125 0.07109375 0.171875
1 0.4875 0.69296875 0.0671875 0.14765625
1 0.5671875 0.68046875 0.0796875 0.1375
1 0.634375 0.671875 0.08828125 0.12578125
1 0.5203125 0.58203125 0.0609375 0.10546875
1 0.57421875 0.56796875 0.06875 0.103125
3 0.5109375 0.4953125 0.05625 0.0796875
1 0.44375 0.45078125 0.03515625 0.0796875
1 0.43046875 0.403125 0.03046875 0.05234375
1 0.39140625 0.378125 0.02578125 0.053125
3 0.4765625 0.40078125 0.03515625 0.065625
3 0.453125 0.36953125 0.03203125 0.06328125
3 0.38046875 0.315625 0.02578125 0.0515625
2 0.415625 0.3671875 0.0125 0.0375
2 0.41171875 0.353125 0.0109375 0.03203125
2 0.403125 0.3375 0.009375 0.0359375
2 0.35859375 0.321875 0.01015625 0.0328125