1 0.58828125 0.58203125 0.22265625 0.39296875
1 0.5703125 0.29375 0.08984375 0.13046875
1 0.446875 0.415625 0.15390625 0.2046875
1 0.64765625 0.23125 0.07421875 0.1109375
1 0.7203125 0.16015625 0.04296875 0.0703125
1 0.703125 0.19375 0.04609375 0.075
2 0.709375 0.5546875 0.05703125 0.2203125
2 0.7546875 0.47734375 0.04296875 0.18046875
2 0.19921875 0.490625 0.1078125 0.2203125
2 0.3296875 0.5296875 0.08359375 0.2234375
2 0.70234375 0.24296875 0.02265625 0.0984375
2 0.3921875 0.5453125 0.08515625 0.2296875
2 0.446875 0.59140625 0.08046875 0.25859375
2 0.640625 0.36484375 0.03828125 0.08203125