1 0.79375 0.44140625 0.1296875 0.11640625
2 0.60546875 0.4984375 0.0734375 0.12734375
2 0.37109375 0.39140625 0.03515625 0.07890625
2 0.3328125 0.45078125 0.0578125 0.0953125
2 0.29921875 0.53125 0.08125 0.1046875
2 0.31640625 0.65703125 0.0984375 0.1234375
2 0.390625 0.71875 0.1171875 0.15078125
2 0.83515625 0.37578125 0.04921875 0.08359375
2 0.39453125 0.29375 0.021875 0.06796875
2 0.334375 0.275 0.01875 0.04921875
2 0.3453125 0.29140625 0.01953125 0.06484375
2 0.365625 0.2984375 0.02109375 0.04765625
2 0.3765625 0.2796875 0.01796875 0.05
1 0.35859375 0.246875 0.046875 0.06484375