1 0.33828125 0.465625 0.21484375 0.296875
3 0.53515625 0.27734375 0.17734375 0.353125
2 0.21796875 0.8359375 0.15 0.32421875
2 0.709375 0.7359375 0.0703125 0.3078125
2 0.55546875 0.41875 0.04609375 0.16953125
2 0.34375 0.60078125 0.09765625 0.24453125
2 0.45625 0.51640625 0.0640625 0.2234375
2 0.61328125 0.35390625 0.03203125 0.14140625
2 0.61640625 0.61953125 0.06171875 0.253125
2 0.53359375 0.6375 0.06640625 0.25546875
3 0.70234375 0.4125 0.1421875 0.34921875
2 0.7875 0.3859375 0.0234375 0.12265625
2 0.7375 0.20546875 0.02109375 0.0859375
1 0.6484375 0.24921875 0.059375 0.1171875
1 0.696875 0.19609375 0.05390625 0.0890625
1 0.73203125 0.16796875 0.0328125 0.06875
1 0.75390625 0.1515625 0.0265625 0.0671875
2 0.75625 0.221875 0.01640625 0.05703125