2 0.878125 0.37890625 0.03046875 0.07265625
2 0.90234375 0.4109375 0.03515625 0.0796875
2 0.80546875 0.41796875 0.0390625 0.06171875
2 0.70703125 0.43515625 0.0515625 0.06328125
2 0.66484375 0.41484375 0.05390625 0.08359375
2 0.3390625 0.465625 0.05 0.0859375
2 0.3515625 0.390625 0.0296875 0.08046875
2 0.33125 0.3546875 0.02734375 0.053125
2 0.32109375 0.3046875 0.0203125 0.0609375
2 0.3015625 0.2828125 0.01796875 0.06171875
2 0.3328125 0.2703125 0.01484375 0.0390625
2 0.32265625 0.2640625 0.0078125 0.046875
2 0.31328125 0.2515625 0.01015625 0.0421875
1 0.3625 0.28046875 0.0578125 0.075
1 0.35390625 0.23046875 0.03828125 0.03984375
1 0.1875 0.57734375 0.159375 0.12890625
1 0.090625 0.684375 0.14296875 0.17734375