1 0.053125 0.83984375 0.10625 0.3203125
1 0.36796875 0.46953125 0.21171875 0.2640625
1 0.59375 0.546875 0.171875 0.28203125
1 0.615625 0.35625 0.10859375 0.1546875
1 0.72421875 0.37734375 0.10703125 0.19609375
1 0.66484375 0.2015625 0.078125 0.103125
1 0.7390625 0.16328125 0.04453125 0.07421875
2 0.45625 0.64765625 0.05546875 0.2734375
2 0.69765625 0.7765625 0.09375 0.33359375
2 0.715625 0.56171875 0.07109375 0.19453125
2 0.4953125 0.365625 0.0390625 0.1328125
2 0.6140625 0.25078125 0.021875 0.07265625
2 0.6546875 0.253125 0.02578125 0.06484375
2 0.56328125 0.30859375 0.028125 0.1015625