2 0.89609375 0.78515625 0.0859375 0.19453125
2 0.18515625 0.36484375 0.009375 0.03984375
2 0.21796875 0.440625 0.02265625 0.07109375
2 0.28984375 0.40546875 0.0109375 0.05390625
2 0.3140625 0.41328125 0.01171875 0.05546875
2 0.33046875 0.4453125 0.01796875 0.0734375
2 0.33515625 0.43515625 0.0140625 0.06484375
2 0.3703125 0.44375 0.01953125 0.07265625
2 0.4078125 0.496875 0.02890625 0.09375
2 0.39609375 0.46015625 0.025 0.071875
2 0.83984375 0.48125 0.03046875 0.065625
1 0.25703125 0.39921875 0.03515625 0.04921875
1 0.2171875 0.37578125 0.02578125 0.0390625
1 0.2078125 0.346875 0.01875 0.02734375