1 0.20546875 0.65859375 0.31875 0.4765625
1 0.596875 0.54453125 0.16796875 0.3140625
1 0.70546875 0.37421875 0.10078125 0.19921875
2 0.6625 0.71796875 0.07890625 0.32421875
2 0.74765625 0.63828125 0.0640625 0.271875
2 0.69375 0.5765625 0.05859375 0.2171875
2 0.746875 0.47578125 0.04609375 0.19140625
2 0.60546875 0.371875 0.03671875 0.08515625
2 0.63671875 0.3453125 0.03359375 0.10546875
2 0.77421875 0.41875 0.028125 0.1734375
2 0.69765625 0.24765625 0.02890625 0.09609375
2 0.70859375 0.2171875 0.021875 0.08515625
1 0.61796875 0.26328125 0.0953125 0.134375
1 0.746875 0.25390625 0.03671875 0.11953125
1 0.73671875 0.16328125 0.0421875 0.0703125
1 0.77109375 0.12890625 0.02734375 0.05078125