1 0.521875 0.88828125 0.10390625 0.2234375
1 0.446875 0.75546875 0.06328125 0.1296875
1 0.56640625 0.75078125 0.096875 0.18515625
1 0.678125 0.778125 0.10625 0.190625
1 0.7984375 0.9625 0.10859375 0.075
3 0.67734375 0.9453125 0.13671875 0.10859375
3 0.59375 0.6203125 0.0875 0.17890625
3 0.50078125 0.59609375 0.0609375 0.084375
3 0.42890625 0.61171875 0.0703125 0.1671875
2 0.88671875 0.94296875 0.0578125 0.1140625
2 0.85078125 0.953125 0.05078125 0.09375
2 0.8125 0.87734375 0.05 0.13359375
2 0.75859375 0.88046875 0.0453125 0.134375
2 0.71015625 0.90234375 0.0390625 0.09140625
2 0.4515625 0.94609375 0.03203125 0.1078125
2 0.4046875 0.946875 0.03515625 0.10625
2 0.3421875 0.9 0.02890625 0.15625
2 0.396875 0.9 0.040625 0.08671875
2 0.4328125 0.88515625 0.034375 0.13125
2 0.38828125 0.83359375 0.03203125 0.11640625
2 0.409375 0.8015625 0.03125 0.11484375
2 0.39296875 0.69921875 0.0265625 0.10078125
2 0.51640625 0.65390625 0.0234375 0.08671875
2 0.54609375 0.64140625 0.02890625 0.0578125
2 0.34296875 0.55234375 0.01640625 0.07578125
2 0.353125 0.49765625 0.01484375 0.0578125
2 0.51796875 0.478125 0.0234375 0.06640625
2 0.425 0.38515625 0.01328125 0.04140625
2 0.378125 0.31953125 0.01015625 0.03359375
2 0.35625 0.3234375 0.01015625 0.03359375
2 0.3421875 0.31171875 0.009375 0.03515625
2 0.3203125 0.26328125 0.00625 0.01796875
2 0.32265625 0.25703125 0.00625 0.01875
1 0.378125 0.565625 0.046875 0.1015625
1 0.40390625 0.50390625 0.04375 0.07890625
1 0.5453125 0.56171875 0.0453125 0.09765625
3 0.478125 0.50546875 0.05 0.090625
1 0.428125 0.43515625 0.0328125 0.06015625
1 0.384375 0.42109375 0.03125 0.06328125
1 0.38046875 0.35703125 0.02890625 0.0453125
1 0.4125 0.34140625 0.0234375 0.0390625
3 0.4609375 0.384375 0.0296875 0.05703125
1 0.403125 0.3296875 0.01640625 0.03671875
1 0.35390625 0.28828125 0.015625 0.0265625
1 0.3375 0.27109375 0.015625 0.02421875
1 0.34609375 0.2515625 0.0125 0.0203125
1 0.32890625 0.24765625 0.009375 0.01953125
1 0.31796875 0.23515625 0.009375 0.0171875