1 0.1546875 0.70625 0.30859375 0.44609375
1 0.58828125 0.5828125 0.221875 0.39140625
1 0.5375 0.32109375 0.096875 0.14609375
2 0.7 0.5765625 0.06328125 0.2328125
2 0.7453125 0.5078125 0.04140625 0.2046875
2 0.20234375 0.4609375 0.046875 0.08984375
2 0.06953125 0.91796875 0.13828125 0.1640625
2 0.3453125 0.428125 0.065625 0.1890625
2 0.64375 0.365625 0.034375 0.0828125
2 0.584375 0.34765625 0.03984375 0.13828125
2 0.58828125 0.2359375 0.02109375 0.084375
2 0.66796875 0.27578125 0.02578125 0.10625
2 0.77421875 0.39765625 0.034375 0.15
1 0.70859375 0.3421875 0.09765625 0.1890625
1 0.6421875 0.2375 0.07578125 0.11328125
1 0.7421875 0.2515625 0.04609375 0.06640625
1 0.6984375 0.20078125 0.046875 0.07890625
1 0.71640625 0.16640625 0.0421875 0.0765625
1 0.74453125 0.14921875 0.02890625 0.06015625