1 0.60078125 0.4953125 0.1796875 0.1609375
1 0.325 0.31484375 0.05625 0.07421875
1 0.3609375 0.2828125 0.065625 0.06171875
1 0.35234375 0.2296875 0.04140625 0.04453125
1 0.965625 0.384375 0.0375 0.06484375
2 0.7390625 0.90703125 0.1328125 0.1828125
2 0.26484375 0.8046875 0.0984375 0.16171875
2 0.38125 0.51015625 0.08125 0.103125
2 0.2875 0.56484375 0.0859375 0.1046875
2 0.17890625 0.6265625 0.06640625 0.09375
2 0.52734375 0.421875 0.05703125 0.09609375
2 0.61015625 0.40859375 0.05859375 0.04609375
2 0.8359375 0.40078125 0.03359375 0.078125
2 0.91953125 0.4 0.02890625 0.06640625
2 0.3546875 0.43046875 0.0453125 0.0890625
2 0.35859375 0.36640625 0.02890625 0.0734375