2 0.61015625 0.68515625 0.02890625 0.09453125
2 0.4109375 0.6421875 0.02265625 0.09921875
2 0.3859375 0.38828125 0.0125 0.04609375
2 0.37734375 0.328125 0.00859375 0.03203125
2 0.3296875 0.26328125 0.00625 0.02109375
2 0.321875 0.23828125 0.0046875 0.01484375
3 0.496875 0.44375 0.04375 0.06953125
3 0.4625 0.38359375 0.03046875 0.05859375
3 0.446875 0.36484375 0.028125 0.0625
1 0.41171875 0.34140625 0.025 0.04453125
1 0.3203125 0.225 0.00859375 0.01171875
1 0.3015625 0.2140625 0.0078125 0.01328125
3 0.3171875 0.2140625 0.00859375 0.01953125