1 0.4171875 0.42109375 0.18203125 0.2515625
1 0.57734375 0.32578125 0.10078125 0.153125
1 0.6578125 0.25390625 0.07578125 0.1359375
1 0.69765625 0.21328125 0.04765625 0.09296875
2 0.72109375 0.75234375 0.06796875 0.2921875
2 0.52109375 0.5890625 0.06328125 0.24765625
2 0.33046875 0.4140625 0.05546875 0.171875
2 0.4640625 0.58671875 0.0734375 0.246875
2 0.64765625 0.67109375 0.0796875 0.309375
2 0.77265625 0.6109375 0.0578125 0.25
1 0.71328125 0.16796875 0.03984375 0.06953125
1 0.73515625 0.15078125 0.03046875 0.06015625
1 0.75703125 0.16328125 0.0234375 0.06640625