2 0.61328125 0.82265625 0.12578125 0.1765625
2 0.88984375 0.3765625 0.0296875 0.06953125
2 0.6828125 0.44375 0.05703125 0.1
2 0.59375 0.51640625 0.06875 0.0875
2 0.6015625 0.43515625 0.0640625 0.0953125
2 0.4609375 0.5125 0.0828125 0.11484375
2 0.34296875 0.52890625 0.08125 0.11640625
2 0.228125 0.56171875 0.065625 0.08671875
2 0.2609375 0.5140625 0.065625 0.09921875
2 0.33359375 0.43671875 0.04296875 0.0875
2 0.3640625 0.3953125 0.021875 0.07578125
2 0.33515625 0.325 0.0234375 0.0734375
2 0.3 0.27421875 0.0203125 0.059375
2 0.32734375 0.27109375 0.015625 0.05
2 0.32109375 0.2609375 0.01328125 0.053125
2 0.3125 0.2546875 0.015625 0.06796875
1 0.36328125 0.28203125 0.0546875 0.07890625
1 0.35546875 0.23359375 0.0296875 0.05