1 0.51640625 0.359375 0.115625 0.175
1 0.65546875 0.23828125 0.07578125 0.11796875
1 0.72265625 0.3359375 0.07578125 0.15078125
1 0.74921875 0.14140625 0.04453125 0.08828125
2 0.5453125 0.62890625 0.06484375 0.25859375
2 0.72265625 0.71484375 0.06875 0.28203125
2 0.615625 0.7234375 0.06484375 0.19609375
2 0.77578125 0.4359375 0.04375 0.1828125
2 0.728125 0.54765625 0.05859375 0.17421875
2 0.6140625 0.5375 0.05234375 0.2
2 0.64140625 0.46875 0.05390625 0.1984375
2 0.7359375 0.45 0.04453125 0.16640625
2 0.7421875 0.37265625 0.0375 0.09921875