2 0.409375 0.93515625 0.03671875 0.12265625
2 0.46796875 0.9515625 0.03515625 0.096875
2 0.47734375 0.89375 0.0265625 0.12109375
2 0.55390625 0.971875 0.0484375 0.05625
2 0.52734375 0.92734375 0.0421875 0.11875
2 0.51328125 0.8296875 0.028125 0.1109375
2 0.56640625 0.85 0.03671875 0.11171875
2 0.81953125 0.9375 0.04609375 0.125
2 0.87734375 0.9359375 0.05625 0.128125
2 0.7796875 0.87890625 0.04296875 0.12265625
2 0.7703125 0.7984375 0.0515625 0.109375
2 0.7265625 0.75234375 0.034375 0.10625
2 0.51328125 0.74296875 0.02578125 0.1
2 0.49375 0.68515625 0.02265625 0.09296875
2 0.4671875 0.6375 0.021875 0.090625
2 0.38828125 0.8671875 0.034375 0.11640625
2 0.3875 0.79296875 0.03515625 0.10390625
2 0.38984375 0.73203125 0.015625 0.09296875
2 0.36796875 0.69609375 0.01484375 0.08125
2 0.36484375 0.65625 0.021875 0.06640625
2 0.36484375 0.621875 0.0234375 0.05234375
2 0.3609375 0.590625 0.02265625 0.0625
2 0.36171875 0.5671875 0.02265625 0.06796875
2 0.5953125 0.5515625 0.01796875 0.06484375
2 0.56328125 0.515625 0.02109375 0.04609375
2 0.55546875 0.49765625 0.01796875 0.0453125
2 0.34609375 0.42734375 0.0140625 0.05
2 0.32578125 0.265625 0.00703125 0.02265625
2 0.3078125 0.2421875 0.00703125 0.015625
2 0.32421875 0.2234375 0.00546875 0.01640625
1 0.62578125 0.9296875 0.1109375 0.140625
1 0.65 0.7453125 0.09609375 0.1671875
1 0.44453125 0.75078125 0.0640625 0.17734375
1 0.41953125 0.625 0.053125 0.1109375
1 0.4015625 0.55703125 0.04375 0.08515625
1 0.51015625 0.60625 0.0578125 0.1125
1 0.60859375 0.6296875 0.06875 0.09453125
1 0.5609375 0.565625 0.0640625 0.10078125
1 0.51484375 0.50625 0.05 0.0921875
1 0.48203125 0.534375 0.04921875 0.08828125
1 0.4875 0.47265625 0.03984375 0.06640625
1 0.41640625 0.503125 0.0421875 0.075
1 0.43359375 0.4546875 0.04609375 0.075
1 0.396875 0.371875 0.02734375 0.0484375
1 0.4109375 0.3390625 0.02421875 0.03359375
1 0.34375 0.275 0.0140625 0.0234375
1 0.309375 0.21953125 0.009375 0.015625
3 0.57109375 0.71875 0.09609375 0.2078125
3 0.3828125 0.45 0.03984375 0.08671875
3 0.43671875 0.39453125 0.06171875 0.10859375
1 0.7390625 0.9046875 0.13515625 0.190625