2 0.4421875 0.909375 0.0453125 0.13125
2 0.39765625 0.94921875 0.0375 0.1015625
2 0.49140625 0.953125 0.0359375 0.09375
2 0.49296875 0.88671875 0.04375 0.125
2 0.93671875 0.940625 0.0578125 0.11875
2 0.86015625 0.94296875 0.04765625 0.1140625
2 0.86328125 0.86328125 0.0515625 0.09375
2 0.77890625 0.784375 0.05234375 0.1140625
2 0.725 0.83203125 0.0484375 0.13671875
2 0.7546875 0.7140625 0.0421875 0.09453125
2 0.7078125 0.715625 0.0375 0.10234375
2 0.678125 0.75546875 0.0328125 0.1125
2 0.684375 0.6453125 0.034375 0.09921875
2 0.65390625 0.95234375 0.046875 0.09453125
1 0.52890625 0.80859375 0.1078125 0.2234375
1 0.4453125 0.62109375 0.0671875 0.13828125
3 0.596875 0.7140625 0.153125 0.296875