2 0.6921875 0.771875 0.08125 0.33046875
2 0.70859375 0.5859375 0.06484375 0.2328125
2 0.78203125 0.5484375 0.046875 0.2328125
2 0.44296875 0.578125 0.07109375 0.2328125
2 0.52421875 0.484375 0.04453125 0.18203125
2 0.33828125 0.52421875 0.09453125 0.2234375
2 0.2953125 0.465625 0.06328125 0.19296875
2 0.37421875 0.40703125 0.06328125 0.1546875
2 0.4296875 0.34140625 0.0453125 0.1328125
1 0.465625 0.4296875 0.16171875 0.19609375
1 0.57890625 0.2859375 0.1015625 0.15
1 0.65390625 0.30703125 0.0953125 0.1421875
1 0.7171875 0.38125 0.10859375 0.21640625
1 0.5875 0.55390625 0.1578125 0.31796875
2 0.4765625 0.30859375 0.03125 0.0984375
2 0.51328125 0.2875 0.034375 0.096875
2 0.68515625 0.18671875 0.01796875 0.08359375