1 0.515625 0.83671875 0.09765625 0.20078125
1 0.7515625 0.8984375 0.109375 0.20234375
1 0.65390625 0.734375 0.09765625 0.13671875
2 0.92734375 0.96328125 0.05703125 0.0734375
2 0.7 0.7265625 0.03515625 0.10546875
2 0.571875 0.70390625 0.0265625 0.10546875
2 0.39296875 0.66484375 0.028125 0.09375
2 0.375 0.49140625 0.0140625 0.06484375
2 0.3609375 0.471875 0.01484375 0.05703125
2 0.440625 0.4203125 0.01484375 0.0484375
1 0.51640625 0.65234375 0.0703125 0.13046875
1 0.47734375 0.490625 0.0515625 0.09453125
1 0.3734375 0.3515625 0.028125 0.0453125
1 0.41328125 0.3390625 0.025 0.03984375
1 0.4015625 0.31875 0.01953125 0.0359375
1 0.38515625 0.29765625 0.01640625 0.028125
1 0.3578125 0.2984375 0.01875 0.03359375
3 0.66171875 0.85078125 0.15546875 0.29765625
3 0.596875 0.61484375 0.08515625 0.18125
3 0.47578125 0.39921875 0.03515625 0.065625
3 0.453125 0.36953125 0.03046875 0.06484375