2 0.40546875 0.875 0.04296875 0.1265625
2 0.46484375 0.840625 0.0359375 0.13671875
2 0.521875 0.8765625 0.03515625 0.14453125
2 0.6 0.9328125 0.0390625 0.11328125
2 0.65234375 0.796875 0.02890625 0.09140625
2 0.69140625 0.8609375 0.040625 0.14296875
2 0.9015625 0.9515625 0.0578125 0.09609375
1 0.45390625 0.93203125 0.08828125 0.1359375
2 0.3640625 0.96484375 0.04921875 0.0703125
1 0.5765625 0.9625 0.08671875 0.075
1 0.65625 0.89140625 0.13203125 0.21640625
1 0.78046875 0.91640625 0.1375 0.16640625
1 0.5625 0.67578125 0.0828125 0.1484375
2 0.615625 0.66484375 0.034375 0.0859375
2 0.5796875 0.615625 0.0234375 0.07734375
2 0.49609375 0.5578125 0.03046875 0.078125
2 0.50078125 0.53046875 0.0171875 0.0734375
2 0.3515625 0.56171875 0.01796875 0.0734375
2 0.44453125 0.43125 0.0140625 0.05234375
2 0.4765625 0.39921875 0.0125 0.04609375
2 0.5046875 0.44296875 0.01328125 0.05234375
1 0.3953125 0.31328125 0.0203125 0.03515625