2 0.2453125 0.54296875 0.0703125 0.13984375
2 0.33046875 0.51953125 0.0609375 0.1046875
2 0.42109375 0.50234375 0.065625 0.0953125
2 0.48359375 0.459375 0.04609375 0.06484375
2 0.6015625 0.51171875 0.0453125 0.08828125
2 0.6859375 0.50234375 0.05078125 0.06796875
2 0.7828125 0.5328125 0.02421875 0.06015625
2 0.79765625 0.4875 0.025 0.0625
2 0.84921875 0.48984375 0.01953125 0.06796875
2 0.23515625 0.421875 0.025 0.0453125
2 0.23828125 0.39453125 0.015625 0.03515625
2 0.209375 0.409375 0.0203125 0.05859375
2 0.1828125 0.38828125 0.0140625 0.05234375
2 0.1734375 0.36015625 0.0109375 0.03671875
1 0.19765625 0.33515625 0.01640625 0.02265625