2 0.19140625 0.62734375 0.05 0.1234375
2 0.24921875 0.76953125 0.084375 0.1484375
2 0.6859375 0.62421875 0.1078125 0.17265625
2 0.59921875 0.6015625 0.09765625 0.14609375
2 0.6515625 0.50078125 0.06484375 0.1234375
2 0.54296875 0.3765625 0.0546875 0.084375
2 0.47265625 0.35859375 0.05 0.08515625
2 0.38984375 0.34765625 0.0328125 0.07578125
2 0.35703125 0.28515625 0.021875 0.07734375
2 0.8203125 0.38828125 0.05 0.07265625
2 0.87734375 0.43515625 0.03515625 0.0953125
2 0.9046875 0.546875 0.0453125 0.14453125
1 0.809375 0.5109375 0.13359375 0.16171875
1 0.36015625 0.6234375 0.22421875 0.2703125