0 0.49765625 0.7046875 0.478125 0.590625
3 0.12890625 0.8375 0.25703125 0.30859375
2 0.18046875 0.56015625 0.05703125 0.1015625
1 0.33828125 0.5234375 0.13359375 0.1171875
1 0.496875 0.4859375 0.0953125 0.1203125
1 0.63359375 0.33984375 0.03515625 0.0546875
1 0.72265625 0.325 0.03125 0.0484375
1 0.76484375 0.3390625 0.03359375 0.0609375
1 0.7421875 0.29765625 0.0234375 0.04296875
2 0.57109375 0.39921875 0.0203125 0.07734375
2 0.6203125 0.38203125 0.021875 0.05625
2 0.659375 0.3625 0.01640625 0.0578125
2 0.66796875 0.3328125 0.0125 0.046875
2 0.68515625 0.33125 0.0109375 0.0578125
2 0.7015625 0.378125 0.0140625 0.05625
2 0.7328125 0.42578125 0.015625 0.0875
2 0.74375 0.48359375 0.028125 0.1140625
2 0.7734375 0.41640625 0.021875 0.084375
2 0.7625 0.37734375 0.01875 0.06875