2 0.4453125 0.9359375 0.0390625 0.12734375
2 0.4203125 0.63125 0.02265625 0.09453125
2 0.48125 0.6328125 0.02421875 0.090625
2 0.66015625 0.74609375 0.03828125 0.1140625
2 0.7359375 0.76171875 0.0421875 0.10859375
2 0.48828125 0.515625 0.01328125 0.0703125
2 0.471875 0.471875 0.01484375 0.0578125
2 0.41328125 0.425 0.0125 0.046875
2 0.38828125 0.41953125 0.01328125 0.0484375
2 0.4328125 0.4109375 0.01484375 0.046875
2 0.4078125 0.38671875 0.01328125 0.0390625
2 0.3921875 0.353125 0.01015625 0.03046875
2 0.38828125 0.3359375 0.01015625 0.028125
2 0.3421875 0.36171875 0.0109375 0.0375
2 0.34921875 0.30390625 0.00859375 0.03203125
2 0.35546875 0.28203125 0.00703125 0.028125
1 0.5546875 0.91328125 0.10859375 0.17265625
1 0.54375 0.6453125 0.0765625 0.1390625
1 0.4125 0.3421875 0.02421875 0.0390625
1 0.32890625 0.2734375 0.0125 0.02109375
1 0.32265625 0.259375 0.0109375 0.02265625
1 0.33515625 0.2515625 0.0109375 0.01796875
3 0.5796875 0.54375 0.07890625 0.13359375
3 0.49765625 0.44375 0.046875 0.06875
3 0.4625 0.384375 0.03203125 0.05625
3 0.446875 0.36484375 0.02734375 0.05703125
3 0.33671875 0.29296875 0.01484375 0.0265625