1 0.73359375 0.334375 0.09296875 0.1484375
1 0.67890625 0.25078125 0.07421875 0.12890625
2 0.71953125 0.70546875 0.07109375 0.30546875
2 0.2625 0.4734375 0.084375 0.21171875
2 0.54453125 0.63203125 0.065625 0.26015625
2 0.4171875 0.3734375 0.05390625 0.153125
2 0.45 0.53671875 0.07890625 0.21640625
2 0.325 0.48671875 0.07734375 0.20546875
2 0.784375 0.41875 0.02734375 0.17578125
2 0.61875 0.67109375 0.0734375 0.31015625
2 0.625 0.38671875 0.03984375 0.153125
2 0.53203125 0.47265625 0.059375 0.20234375
2 0.38046875 0.4984375 0.07265625 0.19609375
2 0.73828125 0.44453125 0.0515625 0.1515625
2 0.35390625 0.4046875 0.046875 0.12734375
2 0.4484375 0.38671875 0.0359375 0.15
2 0.471875 0.32578125 0.0265625 0.103125
2 0.5796875 0.41171875 0.046875 0.15703125
2 0.61640625 0.5375 0.05390625 0.20234375
2 0.64375 0.46796875 0.04140625 0.203125
2 0.72734375 0.5640625 0.0546875 0.2
2 0.74453125 0.3734375 0.0375 0.1046875
1 0.5140625 0.3796875 0.13125 0.215625
1 0.59140625 0.27890625 0.08828125 0.14765625
1 0.6703125 0.19921875 0.06015625 0.09375
1 0.73125 0.2078125 0.04140625 0.0953125
1 0.7109375 0.1703125 0.03203125 0.0390625
1 0.7359375 0.1484375 0.03671875 0.03515625
1 0.75859375 0.13984375 0.021875 0.053125