1 0.34921875 0.503125 0.19609375 0.27890625
1 0.58359375 0.54453125 0.20859375 0.371875
1 0.590625 0.275 0.09921875 0.13671875
1 0.73515625 0.171875 0.04609375 0.06875
1 0.74453125 0.29453125 0.06171875 0.15078125
1 0.69453125 0.390625 0.09453125 0.18984375
2 0.72890625 0.78203125 0.075 0.31875
2 0.45859375 0.60078125 0.07109375 0.2484375
2 0.61640625 0.76328125 0.1203125 0.33828125
2 0.52265625 0.47109375 0.0375 0.1375
2 0.73359375 0.21484375 0.0203125 0.0796875
2 0.5921875 0.35390625 0.0359375 0.075
2 0.7125 0.634375 0.078125 0.27890625
2 0.771875 0.5484375 0.04296875 0.2375
2 0.70625 0.54453125 0.05625 0.22265625
2 0.7609375 0.465625 0.0390625 0.17109375
2 0.75546875 0.40390625 0.04296875 0.15390625
2 0.7859375 0.3703125 0.0234375 0.09921875
2 0.66171875 0.315625 0.03203125 0.10703125
2 0.69296875 0.2734375 0.02890625 0.05625
1 0.6625 0.2078125 0.06171875 0.1203125