1 0.328125 0.51640625 0.16328125 0.15078125
1 0.26015625 0.59453125 0.1640625 0.15859375
1 0.23671875 0.384375 0.0296875 0.04296875
1 0.215625 0.37421875 0.02265625 0.0390625
2 0.28671875 0.3953125 0.015625 0.05703125
2 0.2703125 0.39375 0.00859375 0.05
2 0.259375 0.39609375 0.01640625 0.05
2 0.26015625 0.37265625 0.01015625 0.0234375
2 0.234375 0.40078125 0.01484375 0.0515625
2 0.2296875 0.3953125 0.0125 0.04765625
2 0.19375 0.3546875 0.00859375 0.028125
2 0.75390625 0.48359375 0.03671875 0.071875