1 0.62890625 0.65625 0.1859375 0.3984375
1 0.64765625 0.2546875 0.059375 0.10546875
3 0.55 0.32578125 0.16953125 0.26953125
2 0.50390625 0.5875 0.0640625 0.234375
2 0.2296875 0.4859375 0.09140625 0.19921875
2 0.48984375 0.4765625 0.06015625 0.20234375
2 0.3171875 0.4921875 0.0875 0.23515625
2 0.7453125 0.47109375 0.0484375 0.1921875
2 0.57421875 0.51640625 0.0609375 0.2203125
2 0.44140625 0.38203125 0.04609375 0.1546875
2 0.35546875 0.5390625 0.078125 0.221875
2 0.3953125 0.575 0.08671875 0.23046875
2 0.7109375 0.40703125 0.03828125 0.14921875
2 0.38984375 0.4234375 0.06875 0.1515625
2 0.57578125 0.4 0.0375 0.16171875
2 0.615625 0.4203125 0.0390625 0.140625
2 0.67734375 0.41953125 0.04453125 0.11640625
2 0.646875 0.38046875 0.028125 0.14140625
1 0.734375 0.3390625 0.084375 0.14921875
2 0.69375 0.24296875 0.0265625 0.09765625
1 0.73515625 0.25 0.06015625 0.121875
1 0.67578125 0.203125 0.059375 0.10625
1 0.7140625 0.17578125 0.034375 0.08046875
1 0.7421875 0.15390625 0.034375 0.065625