2 0.39140625 0.71171875 0.025 0.11171875
2 0.40703125 0.95390625 0.02890625 0.09140625
2 0.43671875 0.8328125 0.03125 0.11875
2 0.42421875 0.921875 0.034375 0.1390625
2 0.47109375 0.94375 0.0375 0.1125
2 0.63203125 0.95703125 0.0359375 0.0859375
2 0.690625 0.975 0.028125 0.05
2 0.790625 0.9578125 0.05703125 0.084375
2 0.734375 0.965625 0.04453125 0.06875
2 0.7203125 0.9046875 0.0390625 0.11171875
2 0.6984375 0.8390625 0.02890625 0.103125
2 0.67265625 0.79140625 0.0296875 0.1078125
2 0.7609375 0.77265625 0.0375 0.0671875
2 0.7171875 0.7421875 0.0296875 0.10390625
2 0.69296875 0.69375 0.0234375 0.09140625
2 0.62734375 0.74921875 0.03515625 0.1125
2 0.590625 0.90859375 0.034375 0.15703125
2 0.55546875 0.83828125 0.03046875 0.1234375
2 0.48125 0.76484375 0.02734375 0.11015625
2 0.509375 0.71015625 0.02734375 0.10078125
2 0.5703125 0.63515625 0.02109375 0.06796875
2 0.66015625 0.653125 0.02578125 0.0875
2 0.625 0.6 0.0203125 0.0515625
2 0.50703125 0.4609375 0.02265625 0.053125
2 0.46640625 0.4703125 0.01328125 0.0328125
2 0.45703125 0.45 0.01640625 0.05546875
2 0.4484375 0.43125 0.0109375 0.0421875
2 0.43203125 0.41796875 0.01328125 0.0484375
2 0.41875 0.3703125 0.01015625 0.040625
1 0.53046875 0.8984375 0.10390625 0.203125
1 0.78671875 0.89296875 0.1484375 0.2140625
1 0.57890625 0.746875 0.09921875 0.1765625
1 0.63046875 0.671875 0.08671875 0.13828125
3 0.4734375 0.52578125 0.0515625 0.08515625
3 0.46171875 0.38203125 0.0296875 0.05390625
1 0.35625 0.35859375 0.02421875 0.04765625
1 0.3421875 0.29140625 0.0140625 0.02265625
2 0.353125 0.325 0.0078125 0.0203125
2 0.38828125 0.31953125 0.00859375 0.03359375