1 0.484375 0.9015625 0.0984375 0.19609375
1 0.59375 0.8328125 0.140625 0.296875
1 0.834375 0.96171875 0.1125 0.0765625
1 0.4484375 0.71484375 0.0671875 0.15078125
1 0.59296875 0.65 0.078125 0.14921875
1 0.41015625 0.60546875 0.05703125 0.12421875
1 0.51640625 0.58046875 0.06484375 0.1171875
1 0.57265625 0.56796875 0.06015625 0.09296875
1 0.40859375 0.5265625 0.0484375 0.0828125
1 0.35546875 0.48515625 0.0359375 0.08203125
1 0.43671875 0.4625 0.0390625 0.075
1 0.47578125 0.4984375 0.04765625 0.08984375
1 0.42109375 0.35625 0.028125 0.046875
1 0.38515625 0.2984375 0.0171875 0.025
2 0.75703125 0.88359375 0.03359375 0.128125
2 0.703125 0.82578125 0.0359375 0.12109375
2 0.74296875 0.78671875 0.028125 0.103125
2 0.690625 0.72109375 0.02421875 0.09453125
2 0.6703125 0.6625 0.02421875 0.08984375
2 0.63359375 0.60703125 0.025 0.08046875
2 0.4984375 0.69453125 0.0265625 0.0953125
2 0.4625 0.5796875 0.02265625 0.08671875
2 0.53984375 0.53203125 0.02265625 0.05859375
2 0.51328125 0.5 0.01875 0.065625
2 0.4953125 0.45390625 0.015625 0.0515625
2 0.39296875 0.42265625 0.01328125 0.046875
2 0.3453125 0.39375 0.015625 0.0421875
2 0.38203125 0.340625 0.009375 0.03515625
3 0.47578125 0.39921875 0.03515625 0.0625
3 0.45234375 0.36875 0.03046875 0.065625
3 0.35703125 0.3453125 0.025 0.0453125