2 0.63359375 0.72734375 0.1125 0.12890625
2 0.8109375 0.42421875 0.05 0.06796875
2 0.925 0.384375 0.02890625 0.0578125
2 0.96328125 0.396875 0.02734375 0.0515625
2 0.3390625 0.5203125 0.0796875 0.07890625
2 0.22265625 0.7046875 0.09765625 0.0953125
2 0.21640625 0.5296875 0.0609375 0.0828125
2 0.18515625 0.575 0.06171875 0.0453125
2 0.0140625 0.71796875 0.028125 0.1140625
2 0.0546875 0.67734375 0.05 0.09453125
2 0.3640625 0.45546875 0.0515625 0.0734375
2 0.378125 0.41171875 0.0296875 0.07109375
2 0.3578125 0.36328125 0.02890625 0.06328125
2 0.33125 0.309375 0.0234375 0.05078125
2 0.29296875 0.27265625 0.01796875 0.0609375
2 0.3296875 0.26796875 0.00859375 0.04765625
2 0.32109375 0.26796875 0.01015625 0.040625
2 0.31171875 0.2578125 0.01171875 0.03671875
2 0.471875 0.97265625 0.08671875 0.05390625
1 0.3625 0.28203125 0.05234375 0.07578125
1 0.35390625 0.22890625 0.04296875 0.04921875