0 0.8125 0.84140625 0.21015625 0.31640625
2 0.728125 0.88515625 0.0546875 0.1703125
2 0.78828125 0.9609375 0.0546875 0.07734375
2 0.43671875 0.9453125 0.046875 0.109375
2 0.49296875 0.953125 0.0421875 0.09375
2 0.4703125 0.87265625 0.053125 0.14296875
2 0.41484375 0.85859375 0.04296875 0.14296875
2 0.509375 0.44765625 0.02578125 0.0765625
2 0.34765625 0.5234375 0.021875 0.08515625
2 0.31640625 0.35 0.01328125 0.05390625
1 0.51484375 0.7890625 0.11015625 0.22734375
1 0.646875 0.84453125 0.1359375 0.25234375
1 0.65703125 0.66015625 0.09140625 0.14609375
1 0.5390625 0.6453125 0.084375 0.15859375
1 0.359375 0.340625 0.03125 0.075