1 0.76328125 0.8578125 0.13046875 0.2328125
1 0.371875 0.74140625 0.06640625 0.1625
1 0.5015625 0.53125 0.05 0.10390625
2 0.56953125 0.55625 0.0203125 0.071875
2 0.44765625 0.50546875 0.0125 0.06328125
2 0.41171875 0.52109375 0.01875 0.06796875
2 0.4046875 0.465625 0.01328125 0.05078125
2 0.43125 0.3828125 0.01015625 0.03671875
1 0.41640625 0.41171875 0.034375 0.06640625
1 0.36640625 0.3453125 0.0234375 0.0484375
2 0.38828125 0.325 0.01015625 0.034375
3 0.4609375 0.38125 0.03125 0.0609375
2 0.36875 0.30390625 0.0078125 0.02734375
2 0.35859375 0.29296875 0.009375 0.0265625
2 0.3546875 0.27734375 0.00546875 0.02109375
2 0.3265625 0.284375 0.00546875 0.0265625
1 0.31484375 0.2625 0.01484375 0.02578125
2 0.34296875 0.27734375 0.00625 0.01796875
2 0.33359375 0.2671875 0.0046875 0.01796875
2 0.3265625 0.253125 0.0046875 0.01640625
2 0.3375 0.26171875 0.00390625 0.02109375
2 0.3453125 0.26640625 0.00703125 0.0171875
2 0.3421875 0.25234375 0.00546875 0.009375