1 0.6515625 0.2484375 0.06484375 0.109375
1 0.72421875 0.1734375 0.04296875 0.0703125
1 0.46015625 0.39921875 0.1703125 0.24609375
1 0.58359375 0.29453125 0.09296875 0.12890625
2 0.6078125 0.671875 0.0625 0.27890625
2 0.7453125 0.60234375 0.05546875 0.25546875
2 0.69375 0.728125 0.06484375 0.30625
2 0.4234375 0.53046875 0.0765625 0.22734375
2 0.2765625 0.4796875 0.08125 0.2125
2 0.66796875 0.534375 0.0546875 0.225
2 0.7703125 0.409375 0.04296875 0.165625
2 0.52578125 0.478125 0.0609375 0.18828125
2 0.52421875 0.628125 0.07421875 0.25234375
2 0.60625 0.5171875 0.0578125 0.2359375
2 0.34375 0.4203125 0.0625 0.165625
2 0.42890625 0.3234375 0.0484375 0.09765625
2 0.48046875 0.26796875 0.02734375 0.03828125
2 0.5296875 0.271875 0.02109375 0.0640625
2 0.66953125 0.446875 0.05078125 0.16015625
2 0.684375 0.375 0.0375 0.1390625
2 0.54140625 0.39296875 0.03203125 0.1375
2 0.571875 0.4109375 0.03359375 0.1640625
2 0.584375 0.440625 0.0421875 0.171875
2 0.6234375 0.371875 0.0359375 0.13125
2 0.59921875 0.33515625 0.03203125 0.1015625
2 0.68828125 0.265625 0.028125 0.10859375
2 0.38828125 0.3453125 0.0390625 0.08125
1 0.6890625 0.203125 0.0515625 0.08203125
3 0.74140625 0.13671875 0.03984375 0.08359375