1 0.68125 0.87265625 0.1265625 0.2296875
1 0.41484375 0.58515625 0.04609375 0.1
1 0.35859375 0.3390625 0.01953125 0.0390625
1 0.41171875 0.340625 0.02578125 0.04609375
2 0.42578125 0.4921875 0.01640625 0.06328125
2 0.4125 0.39765625 0.0109375 0.046875
2 0.33515625 0.33984375 0.009375 0.0390625
2 0.35546875 0.2765625 0.00703125 0.02734375
2 0.34375 0.2640625 0.0078125 0.01953125
2 0.33359375 0.24453125 0.00546875 0.01875
2 0.325 0.24140625 0.0046875 0.0171875
3 0.5640625 0.6796875 0.09296875 0.175
3 0.57890625 0.54375 0.07890625 0.1375
3 0.496875 0.44296875 0.04296875 0.07421875
3 0.4625 0.3859375 0.0296875 0.05859375
3 0.446875 0.3625 0.0296875 0.0515625