1 0.48359375 0.45625 0.1765625 0.2578125
1 0.565625 0.278125 0.09296875 0.1203125
1 0.66015625 0.23671875 0.06484375 0.10625
1 0.70625 0.19765625 0.05234375 0.08984375
2 0.5953125 0.6546875 0.06328125 0.32109375
2 0.54609375 0.5640625 0.06328125 0.2671875
2 0.690625 0.62109375 0.0625 0.28515625
2 0.7671875 0.56015625 0.046875 0.240625
2 0.6546875 0.53125 0.05703125 0.20703125
2 0.6046875 0.38671875 0.03359375 0.16171875
2 0.6453125 0.3515625 0.0390625 0.1328125
2 0.63984375 0.3828125 0.00078125 0.003125
2 0.31875 0.4703125 0.06328125 0.21015625
2 0.390625 0.4625 0.05703125 0.19921875
2 0.70078125 0.2765625 0.03125 0.1203125