1 0.56328125 0.31953125 0.11328125 0.1390625
1 0.59296875 0.6890625 0.21796875 0.4390625
1 0.66484375 0.22421875 0.075 0.1234375
1 0.725 0.36484375 0.1015625 0.178125
1 0.73046875 0.16875 0.04765625 0.08203125
3 0.35078125 0.4921875 0.20546875 0.2640625
2 0.6859375 0.84140625 0.09140625 0.3140625
2 0.53046875 0.55625 0.06328125 0.23984375
2 0.446875 0.684375 0.07109375 0.30078125
2 0.10234375 0.59609375 0.11484375 0.2515625
2 0.69765625 0.4734375 0.0515625 0.15859375
2 0.7453125 0.6734375 0.0671875 0.26796875
2 0.59296875 0.446875 0.0453125 0.1546875
2 0.440625 0.58203125 0.08828125 0.24921875
2 0.75 0.51328125 0.0546875 0.14453125
2 0.62890625 0.38671875 0.0390625 0.15078125