1 0.36484375 0.28203125 0.05390625 0.06328125
1 0.353125 0.23125 0.0328125 0.04140625
1 0.29375 0.22421875 0.0265625 0.03984375
1 0.9515625 0.3875 0.07421875 0.084375
2 0.5625 0.4625 0.075 0.103125
2 0.8 0.4515625 0.03984375 0.071875
2 0.85859375 0.4234375 0.03125 0.06640625
2 0.81484375 0.39453125 0.053125 0.0546875
2 0.49921875 0.33984375 0.05078125 0.05859375
2 0.35546875 0.36953125 0.0265625 0.06328125
2 0.29453125 0.26875 0.01171875 0.03046875
2 0.33125 0.278125 0.0125 0.03203125
2 0.321875 0.27109375 0.00703125 0.0375
2 0.315625 0.26171875 0.00859375 0.04140625