1 0.428125 0.54375 0.1578125 0.146875
1 0.7609375 0.3765625 0.0984375 0.10703125
1 0.7 0.5203125 0.1640625 0.1375
1 0.340625 0.325 0.06015625 0.06875
2 0.06484375 0.865625 0.11875 0.1984375
1 0.98359375 0.5546875 0.03125 0.11171875
1 0.496875 0.7671875 0.28359375 0.2765625
1 0.96875 0.44140625 0.059375 0.1046875
2 0.6828125 0.89921875 0.16953125 0.20078125
2 0.25234375 0.52734375 0.0578125 0.128125
2 0.1859375 0.5078125 0.06171875 0.1359375
1 0.39921875 0.3578125 0.0453125 0.1015625
1 0.41875 0.31171875 0.03125 0.06484375
2 0.925 0.44375 0.034375 0.096875
2 0.60859375 0.31171875 0.02421875 0.05859375
2 0.821875 0.38359375 0.03671875 0.07890625