1 0.5953125 0.684375 0.21484375 0.43515625
1 0.725 0.3640625 0.1015625 0.18046875
2 0.7109375 0.24765625 0.025 0.10546875
2 0.684375 0.83984375 0.0890625 0.31796875
2 0.30078125 0.50390625 0.08125 0.19921875
2 0.51796875 0.50390625 0.05546875 0.2109375
2 0.4234375 0.55078125 0.08125 0.21796875
2 0.45 0.6828125 0.07734375 0.303125
2 0.69921875 0.4703125 0.053125 0.15703125
2 0.7421875 0.6796875 0.0609375 0.26171875
2 0.24765625 0.46796875 0.0875 0.19921875
2 0.3375 0.4046875 0.05 0.1546875
2 0.3875 0.40078125 0.05859375 0.171875
2 0.74921875 0.521875 0.0546875 0.15859375
2 0.571875 0.48671875 0.05 0.17578125
2 0.5703125 0.4046875 0.04140625 0.14765625
2 0.61484375 0.41171875 0.03671875 0.12734375
2 0.42734375 0.3453125 0.04296875 0.11796875
2 0.64453125 0.38203125 0.03203125 0.165625
2 0.61875 0.34609375 0.034375 0.1265625
2 0.5984375 0.3203125 0.0390625 0.11875
2 0.653125 0.3140625 0.02890625 0.12265625
2 0.6546875 0.234375 0.02421875 0.08984375
1 0.48828125 0.39375 0.15 0.23515625
1 0.58828125 0.28046875 0.0859375 0.1375
1 0.71953125 0.1859375 0.040625 0.071875
3 0.68203125 0.20078125 0.05703125 0.096875