1 0.78125 0.56328125 0.08671875 0.15625
2 0.925 0.85 0.096875 0.215625
2 0.55390625 0.696875 0.05 0.16484375
2 0.6828125 0.84296875 0.0703125 0.178125
2 0.775 0.6984375 0.07265625 0.165625
2 0.50234375 0.590625 0.03203125 0.121875
2 0.5359375 0.54296875 0.03203125 0.09609375
2 0.6828125 0.46875 0.01875 0.0765625
2 0.81796875 0.4265625 0.01640625 0.06171875
2 0.8015625 0.3921875 0.01796875 0.0640625
2 0.384375 0.46328125 0.01875 0.065625
2 0.39453125 0.4265625 0.01484375 0.04921875
2 0.38203125 0.3984375 0.0125 0.05625
2 0.41484375 0.38359375 0.01171875 0.0484375
1 0.35234375 0.35390625 0.0234375 0.04296875