2 0.4421875 0.5703125 0.06953125 0.2515625
2 0.52265625 0.47890625 0.03984375 0.128125
2 0.33046875 0.540625 0.08671875 0.21796875
2 0.29765625 0.46484375 0.0640625 0.17578125
2 0.371875 0.415625 0.0546875 0.16796875
2 0.4140625 0.3546875 0.0484375 0.1234375
2 0.4734375 0.3140625 0.0296875 0.08828125
2 0.4984375 0.290625 0.028125 0.09140625
1 0.4703125 0.4359375 0.17109375 0.19921875
1 0.59296875 0.553125 0.17734375 0.30390625
2 0.6953125 0.8015625 0.08515625 0.346875
2 0.7078125 0.5609375 0.05546875 0.2203125
2 0.75546875 0.465625 0.05625 0.20234375
1 0.7234375 0.3953125 0.10234375 0.21875
1 0.6515625 0.3109375 0.0765625 0.15625
1 0.575 0.29375 0.10078125 0.15859375