1 0.87734375 0.40546875 0.09296875 0.11953125
1 0.36484375 0.28828125 0.0546875 0.059375
1 0.35546875 0.2296875 0.0328125 0.0453125
2 0.63515625 0.48828125 0.06640625 0.11484375
2 0.71640625 0.4578125 0.0546875 0.07734375
2 0.69921875 0.41171875 0.0546875 0.08125
2 0.80234375 0.38984375 0.03125 0.071875
2 0.246875 0.5609375 0.0640625 0.11328125
2 0.34765625 0.42890625 0.0390625 0.09609375
2 0.4265625 0.30078125 0.01796875 0.06953125
2 0.3265625 0.30234375 0.015625 0.05
2 0.30546875 0.284375 0.0109375 0.04296875
1 0.28984375 0.215625 0.02265625 0.053125