2 0.60390625 0.70390625 0.0453125 0.16328125
3 0.81953125 0.70859375 0.178125 0.2484375
2 0.88828125 0.65625 0.04921875 0.15078125
2 0.7890625 0.5140625 0.0203125 0.0953125
2 0.71796875 0.5203125 0.028125 0.1078125
2 0.68046875 0.446875 0.01796875 0.06953125
3 0.84921875 0.39921875 0.0359375 0.07734375
2 0.47421875 0.4828125 0.02421875 0.08046875
2 0.32265625 0.4890625 0.02265625 0.07421875
2 0.38671875 0.42734375 0.01875 0.0734375
2 0.3671875 0.39375 0.01328125 0.0484375
2 0.39921875 0.3953125 0.01171875 0.04921875