1 0.8671875 0.4984375 0.13984375 0.12421875
2 0.54296875 0.82265625 0.1125 0.19453125
2 0.6203125 0.73515625 0.0921875 0.16796875
2 0.7953125 0.7 0.0984375 0.17421875
2 0.621875 0.5625 0.07265625 0.1375
2 0.44765625 0.546875 0.07265625 0.121875
2 0.3296875 0.5890625 0.084375 0.14375
2 0.18203125 0.76953125 0.1078125 0.18671875
2 0.14296875 0.57265625 0.084375 0.1390625
2 0.05078125 0.55546875 0.071875 0.1453125
2 0.36015625 0.5296875 0.0765625 0.1359375
2 0.98515625 0.43046875 0.0296875 0.0859375