1 0.365625 0.2875 0.05 0.0609375
1 0.35546875 0.2328125 0.028125 0.0515625
2 0.4703125 0.93046875 0.10625 0.13828125
2 0.36328125 0.8921875 0.09609375 0.18828125
2 0.49765625 0.74296875 0.125 0.171875
2 0.534375 0.45625 0.06171875 0.09765625
2 0.9140625 0.3953125 0.0375 0.07109375
2 0.38359375 0.3890625 0.01875 0.0671875
2 0.37109375 0.359375 0.0125 0.0609375
2 0.32734375 0.328125 0.0234375 0.05078125
2 0.29921875 0.284375 0.00859375 0.04765625
2 0.328125 0.26875 0.01640625 0.05859375
2 0.31328125 0.25625 0.01015625 0.0328125
2 0.26875 0.5328125 0.07421875 0.11015625
2 0.309375 0.47578125 0.05859375 0.109375
2 0.19296875 0.56015625 0.065625 0.0859375
2 0.21328125 0.653125 0.06796875 0.11328125