1 0.690625 0.540625 0.18359375 0.23359375
1 0.96328125 0.45859375 0.0734375 0.1171875
2 0.33359375 0.2671875 0.028125 0.04921875
2 0.321875 0.28828125 0.02890625 0.0640625
2 0.42734375 0.56484375 0.0953125 0.140625
2 0.39609375 0.728125 0.1078125 0.16953125
2 0.5078125 0.665625 0.12734375 0.153125
2 0.7296875 0.6125 0.08828125 0.1609375
2 0.8078125 0.65078125 0.0765625 0.1515625
2 0.903125 0.52578125 0.046875 0.13125
2 0.8328125 0.52890625 0.05859375 0.13046875
2 0.59140625 0.39140625 0.06328125 0.08359375
2 0.728125 0.3859375 0.05703125 0.07734375
2 0.809375 0.39609375 0.04765625 0.08984375
2 0.9234375 0.415625 0.0359375 0.07890625