1 0.64140625 0.24609375 0.07890625 0.11328125
1 0.51171875 0.33359375 0.125 0.18828125
3 0.090625 0.6875 0.18046875 0.45078125
2 0.60546875 0.86953125 0.103125 0.259375
2 0.3484375 0.86796875 0.1390625 0.26015625
2 0.34453125 0.6296875 0.1078125 0.2875
2 0.4875 0.4921875 0.06953125 0.2140625
2 0.71328125 0.7 0.0625 0.2828125
2 0.77890625 0.58125 0.06328125 0.2546875
2 0.609375 0.6671875 0.06875 0.28125
2 0.51796875 0.63203125 0.08046875 0.25
2 0.5578125 0.51796875 0.0546875 0.20859375
2 0.55703125 0.41171875 0.05390625 0.16796875
2 0.68671875 0.35703125 0.03359375 0.1296875
2 0.70859375 0.259375 0.028125 0.09375
2 0.7 0.24453125 0.021875 0.090625
1 0.7140625 0.4515625 0.12421875 0.25234375
1 0.74140625 0.3046875 0.0765625 0.1078125
1 0.69765625 0.18828125 0.0421875 0.0796875
1 0.753125 0.153125 0.03125 0.06484375