2 0.4265625 0.94609375 0.0375 0.10703125
2 0.47265625 0.83984375 0.034375 0.134375
2 0.6046875 0.95 0.04296875 0.1
2 0.65859375 0.946875 0.0390625 0.10625
2 0.62421875 0.865625 0.03984375 0.1359375
2 0.72265625 0.978125 0.0390625 0.04375
2 0.85546875 0.9671875 0.04140625 0.065625
2 0.88046875 0.9390625 0.059375 0.1140625
2 0.81796875 0.91484375 0.053125 0.1390625
2 0.80703125 0.84453125 0.0453125 0.103125
2 0.753125 0.8 0.046875 0.11875
2 0.70703125 0.77734375 0.0359375 0.103125
2 0.6515625 0.73671875 0.03515625 0.0890625
2 0.61484375 0.66328125 0.025 0.09765625
2 0.65 0.634375 0.02890625 0.08671875
2 0.403125 0.46015625 0.01640625 0.05546875
2 0.4015625 0.39296875 0.0140625 0.040625
2 0.3703125 0.31171875 0.01171875 0.03671875
1 0.51875 0.93515625 0.09296875 0.1296875
1 0.69453125 0.8640625 0.12734375 0.215625
1 0.38359375 0.56875 0.04921875 0.12265625
1 0.3765625 0.43515625 0.034375 0.06328125
1 0.421875 0.4265625 0.0390625 0.06875
1 0.41171875 0.33984375 0.025 0.0390625
2 0.40546875 0.3609375 0.01015625 0.034375
1 0.34296875 0.3 0.0171875 0.03046875
1 0.340625 0.26484375 0.0125 0.0203125
3 0.496875 0.44453125 0.04453125 0.0671875
3 0.46171875 0.38515625 0.03359375 0.06171875
3 0.446875 0.3625 0.03046875 0.05625
3 0.31796875 0.25234375 0.0125 0.0234375
3 0.31875 0.22109375 0.0140625 0.0203125