1 0.77734375 0.81171875 0.12890625 0.18515625
1 0.82734375 0.94765625 0.1359375 0.1046875
1 0.61796875 0.80546875 0.13359375 0.25625
1 0.65625 0.64453125 0.103125 0.16015625
1 0.584375 0.546875 0.07578125 0.134375
1 0.41015625 0.72578125 0.07890625 0.17109375
1 0.50625 0.553125 0.06640625 0.1359375
1 0.428125 0.57734375 0.0703125 0.13515625
1 0.53125 0.45078125 0.0625 0.11015625
1 0.4484375 0.4484375 0.0578125 0.10234375
1 0.3828125 0.47421875 0.05078125 0.1
1 0.45234375 0.35234375 0.046875 0.0703125
1 0.3765625 0.30859375 0.034375 0.05234375
3 0.45390625 0.8953125 0.1171875 0.209375
2 0.3796875 0.959375 0.04140625 0.08046875
2 0.615625 0.9546875 0.06484375 0.08984375
2 0.73515625 0.9125 0.05390625 0.1734375
2 0.571875 0.8921875 0.0375 0.1453125
2 0.5296875 0.803125 0.0390625 0.13125
2 0.5328125 0.72421875 0.03125 0.10390625
2 0.68671875 0.80078125 0.04375 0.13671875
2 0.78828125 0.7421875 0.03515625 0.0828125
2 0.72109375 0.671875 0.03203125 0.10234375
2 0.64296875 0.7265625 0.0390625 0.1109375
2 0.60546875 0.653125 0.03515625 0.0984375
2 0.575 0.6265625 0.0265625 0.1015625
2 0.3375 0.52421875 0.02265625 0.08203125
2 0.32265625 0.4453125 0.01640625 0.0734375
2 0.3890625 0.35703125 0.01484375 0.05546875