2 0.29609375 0.2859375 0.01953125 0.059375
2 0.3171875 0.2859375 0.01953125 0.06328125
2 0.375 0.33984375 0.03203125 0.05625
2 0.34140625 0.3546875 0.021875 0.065625
2 0.39453125 0.40546875 0.02890625 0.10390625
2 0.36484375 0.43984375 0.03359375 0.09765625
2 0.41796875 0.53046875 0.04453125 0.13203125
2 0.47265625 0.62578125 0.053125 0.15859375
2 0.38515625 0.8875 0.08671875 0.203125
2 0.61015625 0.77421875 0.08125 0.2015625
2 0.9125 0.37265625 0.02265625 0.03515625
2 0.91015625 0.4359375 0.03046875 0.07265625
2 0.9875 0.4859375 0.02421875 0.08359375
2 0.859375 0.5203125 0.05390625 0.14296875
2 0.86328125 0.68359375 0.06171875 0.15625
2 0.8890625 0.953125 0.10625 0.09375
1 0.35234375 0.2359375 0.034375 0.065625
1 0.7078125 0.36953125 0.134375 0.134375