2 0.78203125 0.9609375 0.04765625 0.078125
2 0.44609375 0.5296875 0.01953125 0.06796875
2 0.40546875 0.40078125 0.01171875 0.05234375
2 0.32734375 0.31484375 0.0078125 0.03046875
2 0.33515625 0.2953125 0.009375 0.02734375
2 0.3625 0.29296875 0.00859375 0.025
2 0.3390625 0.28046875 0.00625 0.02421875
2 0.321875 0.26953125 0.00703125 0.02109375
2 0.35234375 0.275 0.00546875 0.02109375
2 0.34375 0.26640625 0.00546875 0.0203125
2 0.32578125 0.26171875 0.00546875 0.01875
2 0.3328125 0.25390625 0.0046875 0.01953125
1 0.51328125 0.5484375 0.0515625 0.08828125
1 0.4125 0.34296875 0.021875 0.03671875
1 0.403125 0.32890625 0.01875 0.0328125
3 0.46171875 0.3859375 0.028125 0.0578125
3 0.3484375 0.3109375 0.0203125 0.0359375
1 0.31640625 0.23671875 0.01171875 0.01484375
1 0.31875 0.21875 0.00859375 0.0140625