1 0.4984375 0.35546875 0.11953125 0.16640625
1 0.596875 0.54453125 0.16796875 0.3140625
1 0.7046875 0.3734375 0.10234375 0.20078125
2 0.153125 0.79609375 0.14375 0.340625
2 0.659375 0.71484375 0.0828125 0.31953125
2 0.434375 0.646875 0.071875 0.29296875
2 0.50625 0.53203125 0.05625 0.225
2 0.746875 0.634375 0.0625 0.27109375
2 0.7265625 0.1734375 0.01875 0.0640625
2 0.690625 0.5734375 0.0546875 0.21953125
2 0.76953125 0.4140625 0.040625 0.15703125
2 0.684375 0.2921875 0.03984375 0.12890625
2 0.74453125 0.47578125 0.0453125 0.1921875
1 0.75234375 0.28125 0.06875 0.15234375
1 0.77421875 0.12109375 0.028125 0.0515625