1 0.56953125 0.46953125 0.065625 0.08125
2 0.55703125 0.5109375 0.0296875 0.09375
2 0.4296875 0.4453125 0.01328125 0.06328125
2 0.33125 0.484375 0.03515625 0.07109375
2 0.496875 0.47109375 0.02109375 0.08046875
2 0.51796875 0.45859375 0.0203125 0.08046875
2 0.79453125 0.46640625 0.0171875 0.08203125
2 0.446875 0.41875 0.01796875 0.06015625
2 0.4875 0.44140625 0.01953125 0.0625
2 0.51640625 0.39765625 0.02421875 0.04609375
2 0.44296875 0.375 0.01484375 0.0453125
1 0.4125 0.378125 0.03203125 0.05234375
1 0.39375 0.35546875 0.028125 0.04375
1 0.3703125 0.3421875 0.0203125 0.03359375
2 0.34921875 0.3609375 0.00859375 0.03671875
2 0.38515625 0.37890625 0.01171875 0.04765625