1 0.71796875 0.87265625 0.1328125 0.24453125
1 0.41953125 0.7171875 0.0625 0.15625
1 0.4140625 0.41171875 0.03515625 0.05703125
1 0.4125 0.34375 0.0234375 0.0375
1 0.40390625 0.32890625 0.015625 0.02578125
1 0.36328125 0.32890625 0.0203125 0.0359375
2 0.75 0.778125 0.04453125 0.10703125
2 0.70859375 0.75625 0.03671875 0.096875
2 0.71796875 0.7203125 0.03046875 0.08984375
2 0.6359375 0.6265625 0.02890625 0.0828125
2 0.36875 0.6296875 0.0234375 0.08203125
2 0.37109375 0.3109375 0.01171875 0.03359375
2 0.34375 0.3171875 0.00859375 0.0296875
2 0.33984375 0.290625 0.0078125 0.02421875
2 0.3609375 0.28515625 0.00859375 0.0234375
2 0.34375 0.2625 0.00703125 0.01875
2 0.3359375 0.2453125 0.003125 0.01640625
2 0.33125 0.24296875 0.00703125 0.01796875
3 0.31640625 0.2359375 0.0109375 0.021875
3 0.4625 0.3859375 0.03046875 0.0609375