1 0.65078125 0.23828125 0.07578125 0.109375
1 0.378125 0.45546875 0.22109375 0.30703125
2 0.60703125 0.6765625 0.06484375 0.2859375
2 0.690625 0.73203125 0.06953125 0.30859375
2 0.74375 0.60859375 0.065625 0.26171875
2 0.52734375 0.621875 0.071875 0.2546875
2 0.5375 0.4953125 0.05859375 0.159375
2 0.60703125 0.509375 0.0484375 0.22109375
2 0.58828125 0.45546875 0.040625 0.18828125
2 0.66953125 0.5359375 0.0515625 0.23359375
2 0.66484375 0.4609375 0.0546875 0.19140625
2 0.746875 0.48046875 0.05 0.18125
2 0.78984375 0.45703125 0.03515625 0.16796875
2 0.65625 0.3515625 0.03671875 0.1390625
2 0.68203125 0.3734375 0.03671875 0.12890625
2 0.7171875 0.353125 0.028125 0.14921875
2 0.75078125 0.40546875 0.03671875 0.09140625
2 0.75703125 0.36875 0.03515625 0.1
2 0.7828125 0.3703125 0.025 0.0921875
2 0.815625 0.36640625 0.01796875 0.075
2 0.7515625 0.190625 0.01328125 0.0734375
2 0.75078125 0.153125 0.01484375 0.0296875
1 0.75859375 0.28515625 0.046875 0.12734375
1 0.75 0.14375 0.03515625 0.065625