1 0.703125 0.1984375 0.05 0.0984375
1 0.66640625 0.234375 0.06171875 0.10625
1 0.5671875 0.290625 0.11015625 0.128125
1 0.4890625 0.46484375 0.1796875 0.2875
2 0.69375 0.62265625 0.0671875 0.2703125
2 0.58828125 0.65234375 0.071875 0.31328125
2 0.546875 0.5625 0.0671875 0.2625
2 0.3265625 0.47109375 0.0671875 0.2046875
2 0.39765625 0.47421875 0.0671875 0.209375
2 0.38359375 0.36875 0.04765625 0.12109375
2 0.60546875 0.39140625 0.040625 0.1625
2 0.76484375 0.546875 0.05546875 0.25078125
2 0.74765625 0.34765625 0.02890625 0.12578125
2 0.6421875 0.3484375 0.0296875 0.159375