2 0.8625 0.93984375 0.06015625 0.11953125
2 0.5546875 0.915625 0.03515625 0.16875
2 0.60078125 0.7484375 0.040625 0.09765625
1 0.6640625 0.93203125 0.11484375 0.1359375
1 0.5765625 0.665625 0.08125 0.12109375
1 0.471875 0.50234375 0.04609375 0.07734375
2 0.4546875 0.6125 0.02421875 0.08359375
2 0.36171875 0.453125 0.015625 0.0578125
2 0.5171875 0.4703125 0.0203125 0.0578125
2 0.40234375 0.353125 0.009375 0.0375
2 0.3890625 0.33671875 0.009375 0.03359375
2 0.37265625 0.31484375 0.0078125 0.0328125
2 0.33828125 0.36015625 0.0109375 0.040625
2 0.36328125 0.31015625 0.00859375 0.03046875
3 0.425 0.42265625 0.04609375 0.0984375
3 0.47578125 0.3984375 0.03515625 0.06484375
3 0.453125 0.3703125 0.03046875 0.0671875
1 0.403125 0.321875 0.02265625 0.03828125
1 0.38515625 0.296875 0.01640625 0.0265625
1 0.35078125 0.30390625 0.01796875 0.03046875