2 0.42578125 0.95390625 0.0390625 0.0921875
2 0.61328125 0.9421875 0.05 0.115625
2 0.803125 0.95546875 0.05 0.0890625
2 0.8640625 0.9375 0.05625 0.125
2 0.79140625 0.8984375 0.059375 0.14296875
2 0.74375 0.921875 0.04921875 0.14921875
2 0.771875 0.790625 0.04140625 0.0984375
2 0.759375 0.82109375 0.04375 0.10234375
2 0.7125 0.81640625 0.04375 0.10546875
2 0.7078125 0.7140625 0.0328125 0.10390625
2 0.68046875 0.72734375 0.0375 0.09296875
2 0.6640625 0.66484375 0.0265625 0.0875
2 0.4328125 0.70078125 0.02890625 0.10390625
2 0.3765625 0.55703125 0.01875 0.0765625
2 0.37265625 0.46640625 0.01640625 0.06015625
2 0.6359375 0.6296875 0.028125 0.09296875
2 0.61171875 0.5796875 0.01875 0.059375
2 0.33671875 0.371875 0.01015625 0.04375
2 0.34921875 0.35859375 0.0109375 0.03984375
2 0.346875 0.31875 0.01015625 0.03203125
2 0.3734375 0.315625 0.00859375 0.0296875
2 0.3625 0.2875 0.0078125 0.02734375
1 0.68984375 0.91015625 0.134375 0.1796875
1 0.61171875 0.78046875 0.09375 0.16171875
1 0.5984375 0.6359375 0.07578125 0.1359375
1 0.52890625 0.640625 0.0703125 0.12734375
1 0.5546875 0.55859375 0.06171875 0.10234375
1 0.49296875 0.56640625 0.0578125 0.10625
1 0.3796875 0.39765625 0.02890625 0.05
1 0.40390625 0.32265625 0.0234375 0.0390625
1 0.38515625 0.296875 0.01796875 0.02734375
3 0.475 0.40078125 0.034375 0.06875
3 0.453125 0.3703125 0.03125 0.06484375