1 0.38046875 0.509375 0.2265625 0.278125
1 0.590625 0.55078125 0.171875 0.32109375
1 0.721875 0.3828125 0.10390625 0.23125
1 0.65 0.3296875 0.0984375 0.16484375
1 0.5453125 0.33359375 0.11640625 0.19765625
1 0.6921875 0.20703125 0.07109375 0.1140625
2 0.2234375 0.51484375 0.115625 0.2734375
2 0.453125 0.65390625 0.06796875 0.31640625
2 0.68984375 0.7703125 0.071875 0.33359375
2 0.7140625 0.5609375 0.06015625 0.20859375
2 0.784375 0.53515625 0.04765625 0.18515625
2 0.61796875 0.22578125 0.02421875 0.109375
2 0.646875 0.225 0.02421875 0.06796875
2 0.7203125 0.1453125 0.015625 0.05859375
2 0.4234375 0.3484375 0.05234375 0.1015625
2 0.503125 0.2671875 0.0265625 0.06796875