2 0.25625 0.53828125 0.0609375 0.1046875
3 0.5421875 0.40546875 0.12109375 0.1640625
1 0.2703125 0.9203125 0.26171875 0.15859375
1 0.6921875 0.38125 0.0515625 0.09296875
1 0.7671875 0.353125 0.0375 0.06875
1 0.7234375 0.33203125 0.03671875 0.06953125
1 0.74453125 0.29453125 0.02265625 0.0453125
1 0.77109375 0.315625 0.02890625 0.046875
1 0.77578125 0.284375 0.025 0.0359375
1 0.6890625 0.31953125 0.03203125 0.05078125
1 0.61328125 0.35390625 0.0453125 0.05390625
2 0.75859375 0.4234375 0.0171875 0.08515625
2 0.70859375 0.29453125 0.009375 0.03828125
1 0.69921875 0.2828125 0.01953125 0.025
2 0.7265625 0.28359375 0.00859375 0.025
2 0.71953125 0.2828125 0.00859375 0.028125