1 0.71484375 0.19296875 0.06484375 0.0953125
2 0.59140625 0.67109375 0.0640625 0.3515625
2 0.6953125 0.62109375 0.06171875 0.28515625
2 0.765625 0.53046875 0.0515625 0.21484375
2 0.5484375 0.565625 0.0671875 0.24765625
2 0.60625 0.390625 0.04140625 0.15625
2 0.6421875 0.35390625 0.0328125 0.14609375
2 0.5953125 0.3421875 0.0390625 0.13515625
1 0.6609375 0.24609375 0.07421875 0.11015625
1 0.48359375 0.46171875 0.17421875 0.284375
1 0.5703125 0.290625 0.1234375 0.12890625
2 0.32421875 0.4640625 0.06875 0.2015625
2 0.38671875 0.4640625 0.05625 0.2015625
2 0.37890625 0.38203125 0.05703125 0.15859375