3 0.68359375 0.67734375 0.21484375 0.3328125
1 0.5296875 0.5578125 0.090625 0.11875
2 0.33828125 0.47421875 0.02421875 0.07890625
3 0.5546875 0.39765625 0.075 0.06953125
2 0.446875 0.38046875 0.01328125 0.05078125
2 0.69609375 0.48359375 0.02265625 0.0703125
2 0.75 0.5375 0.034375 0.05
2 0.80078125 0.51328125 0.01953125 0.11015625
2 0.71015625 0.44765625 0.01640625 0.071875
2 0.7265625 0.42265625 0.0171875 0.06953125
2 0.76484375 0.39296875 0.01875 0.05859375
2 0.80078125 0.38046875 0.01640625 0.0671875
2 0.81875 0.39921875 0.02265625 0.06640625
2 0.39921875 0.37421875 0.0140625 0.04609375
2 0.378125 0.33828125 0.009375 0.03203125
2 0.3484375 0.35546875 0.009375 0.040625