1 0.5125 0.56875 0.0875 0.1171875
1 0.0578125 0.65078125 0.1109375 0.12265625
1 0.76171875 0.39453125 0.0609375 0.05859375
1 0.59765625 0.41328125 0.08203125 0.05234375
2 0.4421875 0.4734375 0.015625 0.0828125
2 0.32890625 0.47109375 0.0203125 0.0765625
2 0.52890625 0.39921875 0.02578125 0.06484375
2 0.44609375 0.3796875 0.0125 0.04453125
2 0.41171875 0.36796875 0.0109375 0.040625
2 0.39765625 0.36640625 0.01015625 0.03515625
1 0.359375 0.3578125 0.02265625 0.0421875
1 0.403125 0.41171875 0.0390625 0.059375
1 0.3859375 0.45390625 0.04140625 0.0640625