1 0.63828125 0.43671875 0.13203125 0.21953125
1 0.728125 0.32890625 0.08359375 0.1703125
1 0.621875 0.29375 0.096875 0.13046875
1 0.47109375 0.38515625 0.15234375 0.21328125
2 0.4875 0.4796875 0.05234375 0.190625
2 0.5796875 0.684375 0.08046875 0.259375
2 0.1125 0.634375 0.11796875 0.2609375
2 0.22265625 0.71875 0.14921875 0.328125
2 0.73828125 0.775 0.06953125 0.309375
2 0.65390625 0.7109375 0.078125 0.3
2 0.69609375 0.55546875 0.07265625 0.2046875
2 0.6859375 0.49140625 0.0515625 0.15
2 0.70078125 0.23359375 0.02265625 0.096875
1 0.65234375 0.22265625 0.06171875 0.08828125
1 0.69765625 0.19765625 0.04296875 0.0734375
1 0.74140625 0.2203125 0.05546875 0.071875
1 0.72578125 0.16875 0.03828125 0.0734375
3 0.7671875 0.13203125 0.04765625 0.1015625