1 0.70078125 0.25625 0.06875 0.1109375
1 0.63671875 0.2390625 0.0671875 0.09296875
2 0.74765625 0.61953125 0.071875 0.2546875
2 0.67265625 0.73828125 0.0734375 0.3125
2 0.58515625 0.66171875 0.08203125 0.29609375
2 0.36171875 0.4140625 0.0625 0.16953125
2 0.41015625 0.5609375 0.07578125 0.228125
2 0.50234375 0.63671875 0.07734375 0.2859375
2 0.47109375 0.5796875 0.0625 0.24609375
2 0.61875 0.3671875 0.03828125 0.16015625
2 0.6796875 0.29453125 0.0296875 0.11875
2 0.27265625 0.46640625 0.06796875 0.1953125
2 0.56171875 0.52265625 0.06796875 0.203125
2 0.65625 0.6078125 0.053125 0.2625
2 0.42890625 0.34375 0.05 0.12265625
2 0.4859375 0.28828125 0.03046875 0.0578125
2 0.434375 0.4609375 0.0734375 0.14296875
2 0.4953125 0.46015625 0.04296875 0.1390625
2 0.5265625 0.440625 0.034375 0.17265625
2 0.56171875 0.4296875 0.0453125 0.15390625
2 0.5703125 0.3765625 0.04140625 0.12578125
2 0.63671875 0.32890625 0.021875 0.1375
2 0.65625 0.30234375 0.01875 0.12578125
1 0.46171875 0.40234375 0.13515625 0.18125
1 0.5796875 0.31328125 0.10234375 0.15546875
1 0.690625 0.20703125 0.05 0.0703125
1 0.71953125 0.1625 0.0453125 0.0828125
1 0.7515625 0.1546875 0.02421875 0.06640625
2 0.68671875 0.15546875 0.015625 0.03515625