1 0.93203125 0.821875 0.13515625 0.33359375
2 0.228125 0.67734375 0.0734375 0.1609375
2 0.55 0.56328125 0.04453125 0.1203125
2 0.61640625 0.50234375 0.03515625 0.09765625
2 0.7421875 0.40546875 0.028125 0.065625
2 0.5921875 0.41640625 0.03046875 0.059375
2 0.49140625 0.40625 0.02265625 0.0578125
2 0.37421875 0.46953125 0.02109375 0.07578125
2 0.38203125 0.44609375 0.0171875 0.0640625
1 0.37890625 0.41875 0.0296875 0.0703125
1 0.39296875 0.38515625 0.0453125 0.0421875
1 0.36015625 0.359375 0.0296875 0.046875
2 0.4078125 0.3515625 0.01171875 0.04296875