2 0.74140625 0.77265625 0.04375 0.121875
2 0.34765625 0.43984375 0.0140625 0.05390625
2 0.46171875 0.46015625 0.01484375 0.05234375
2 0.37578125 0.33359375 0.00859375 0.03515625
2 0.33984375 0.28515625 0.00625 0.021875
2 0.3234375 0.27734375 0.00703125 0.02421875
2 0.32890625 0.24453125 0.00546875 0.01796875
2 0.33984375 0.23828125 0.0046875 0.0140625
2 0.30625 0.2296875 0.0046875 0.015625
2 0.31171875 0.22109375 0.0046875 0.0140625
3 0.496875 0.44375 0.0453125 0.06953125
3 0.46171875 0.384375 0.02890625 0.05703125
3 0.4453125 0.36171875 0.02734375 0.05625
1 0.4109375 0.34140625 0.02578125 0.0421875
1 0.325 0.22890625 0.01015625 0.01328125
1 0.32109375 0.2203125 0.0078125 0.01484375