1 0.9390625 0.81875 0.121875 0.359375
1 0.784375 0.5171875 0.16015625 0.16875
1 0.3 0.275 0.03828125 0.07265625
2 0.25 0.6984375 0.11171875 0.14296875
2 0.39765625 0.69765625 0.115625 0.12890625
2 0.590625 0.6390625 0.09609375 0.12265625
2 0.78671875 0.43046875 0.06015625 0.059375
2 0.8921875 0.4921875 0.05234375 0.07890625
2 0.9015625 0.6515625 0.04140625 0.16015625
2 0.9578125 0.6171875 0.03359375 0.10234375
2 0.34921875 0.32421875 0.02734375 0.084375
2 0.3265625 0.2890625 0.034375 0.06953125
1 0.97421875 0.45859375 0.0515625 0.15546875