1 0.71328125 0.45078125 0.128125 0.2546875
3 0.45390625 0.34375 0.28203125 0.41171875
2 0.60859375 0.66875 0.06796875 0.27890625
2 0.490625 0.49921875 0.06171875 0.20078125
2 0.2765625 0.4609375 0.08359375 0.1984375
2 0.6046875 0.86171875 0.10078125 0.275
2 0.715625 0.69921875 0.0671875 0.2859375
2 0.77890625 0.58046875 0.06484375 0.259375
3 0.61015625 0.22734375 0.0609375 0.10625
1 0.58671875 0.40078125 0.14375 0.24609375
1 0.740625 0.29921875 0.07578125 0.096875
1 0.6671875 0.20859375 0.05625 0.0953125
1 0.71953125 0.184375 0.05 0.07109375
1 0.759375 0.1453125 0.02265625 0.05859375
2 0.68515625 0.3546875 0.0390625 0.121875
2 0.64375 0.28125 0.03125 0.06796875
2 0.66015625 0.303125 0.02265625 0.07734375
2 0.6828125 0.27421875 0.0265625 0.06484375
2 0.70703125 0.2765625 0.02578125 0.08515625
2 0.6578125 0.24765625 0.021875 0.059375
2 0.6734375 0.2296875 0.0265625 0.06796875
2 0.70703125 0.24140625 0.02578125 0.0609375
2 0.73671875 0.22578125 0.02578125 0.07109375
2 0.7921875 0.36640625 0.021875 0.08671875
2 0.8046875 0.3953125 0.03828125 0.11796875