1 0.5453125 0.34140625 0.08984375 0.1484375
1 0.68046875 0.4390625 0.14453125 0.27578125
2 0.70234375 0.70625 0.065625 0.278125
2 0.41328125 0.5484375 0.08359375 0.23125
2 0.759375 0.52109375 0.0484375 0.21640625
2 0.4921875 0.475 0.0609375 0.20546875
2 0.58046875 0.61953125 0.0640625 0.2578125
2 0.72109375 0.25 0.02265625 0.08125
2 0.51953125 0.59453125 0.07734375 0.29375
2 0.5640625 0.50390625 0.04375 0.21484375
2 0.58984375 0.42578125 0.04453125 0.18125
1 0.42421875 0.409375 0.16328125 0.25234375
1 0.64375 0.25078125 0.08046875 0.13125
1 0.7265625 0.17734375 0.03984375 0.07734375
1 0.7421875 0.340625 0.06953125 0.15
3 0.69453125 0.20234375 0.05859375 0.11328125
3 0.73984375 0.1515625 0.0359375 0.078125
2 0.7765625 0.4203125 0.034375 0.13125
2 0.59453125 0.34765625 0.0375 0.12421875