1 0.4421875 0.859375 0.084375 0.2265625
1 0.38046875 0.58671875 0.0671875 0.153125
1 0.459375 0.64296875 0.01328125 0.00234375
1 0.5015625 0.55546875 0.0625 0.1140625
1 0.690625 0.875 0.17265625 0.24921875
1 0.61328125 0.640625 0.0984375 0.1625
1 0.57890625 0.51484375 0.07421875 0.10234375
1 0.4875 0.42578125 0.0515625 0.0890625
1 0.39140625 0.49609375 0.053125 0.1015625
1 0.36328125 0.3484375 0.03515625 0.0734375
3 0.44453125 0.45234375 0.0671875 0.15625
2 0.584375 0.8625 0.03515625 0.1203125
2 0.5109375 0.8234375 0.03046875 0.121875
2 0.53359375 0.7828125 0.03125 0.11328125