2 0.16171875 0.5703125 0.0609375 0.10546875
2 0.40859375 0.47890625 0.059375 0.09140625
2 0.49453125 0.44921875 0.04296875 0.0890625
2 0.53359375 0.41796875 0.02734375 0.07890625
2 0.58046875 0.3796875 0.02265625 0.07109375
2 0.62421875 0.34375 0.01796875 0.05625
2 0.71875 0.34921875 0.01328125 0.06171875
2 0.78359375 0.35390625 0.01171875 0.0609375
1 0.6796875 0.31953125 0.0359375 0.04140625
1 0.7359375 0.33359375 0.0328125 0.0484375
1 0.77734375 0.3265625 0.02890625 0.06640625
1 0.74453125 0.3125 0.0265625 0.05078125
1 0.73359375 0.2671875 0.0171875 0.02890625
1 0.75703125 0.26015625 0.01171875 0.01796875
1 0.78515625 0.2859375 0.0078125 0.02109375
2 0.71171875 0.2703125 0.0078125 0.021875
2 0.784375 0.2609375 0.00546875 0.02265625