1 0.6734375 0.86484375 0.13125 0.22265625
1 0.80703125 0.975 0.0953125 0.05
1 0.4171875 0.4203125 0.03359375 0.05390625
1 0.3640625 0.38671875 0.02421875 0.0453125
1 0.41171875 0.3421875 0.025 0.040625
1 0.403125 0.3296875 0.0171875 0.0328125
1 0.3421875 0.2625 0.01328125 0.025
1 0.31796875 0.23828125 0.00859375 0.01484375
1 0.328125 0.23125 0.0109375 0.01640625
1 0.31171875 0.22421875 0.0078125 0.01328125
2 0.85703125 0.93515625 0.0578125 0.1296875
2 0.76328125 0.90078125 0.04375 0.11796875
2 0.78984375 0.87421875 0.0484375 0.140625
2 0.73515625 0.81328125 0.0421875 0.1015625
2 0.75 0.76875 0.04375 0.11328125
2 0.70390625 0.72109375 0.034375 0.10390625
2 0.690625 0.76328125 0.04140625 0.10859375
2 0.64765625 0.73359375 0.03359375 0.0703125
2 0.6109375 0.6171875 0.02734375 0.08046875
2 0.6515625 0.63359375 0.0234375 0.07890625
2 0.565625 0.52421875 0.01953125 0.05625
2 0.5109375 0.453125 0.0171875 0.0484375
2 0.3296875 0.33359375 0.00859375 0.03203125
2 0.3625 0.30546875 0.009375 0.02890625
2 0.3296875 0.29453125 0.00703125 0.0265625
3 0.4625 0.38515625 0.03125 0.06171875
2 0.30859375 0.23203125 0.003125 0.01328125
2 0.30390625 0.22265625 0.00390625 0.0140625