3 0.85 0.92734375 0.159375 0.1453125
3 0.475 0.39609375 0.03515625 0.0546875
3 0.45625 0.37109375 0.03515625 0.05703125
1 0.640625 0.91484375 0.12734375 0.16953125
1 0.7015625 0.846875 0.12265625 0.21484375
1 0.57578125 0.7453125 0.08515625 0.18515625
1 0.53359375 0.58046875 0.05703125 0.10390625
2 0.80234375 0.82578125 0.05390625 0.08046875
2 0.7421875 0.796875 0.0421875 0.11953125
2 0.62890625 0.69296875 0.028125 0.09375
2 0.6203125 0.621875 0.0234375 0.075
2 0.5875 0.62265625 0.02421875 0.08125
1 0.4375 0.4265625 0.04453125 0.071875
1 0.3640625 0.41953125 0.03359375 0.0625
1 0.3359375 0.36015625 0.0234375 0.04765625
1 0.38203125 0.3390625 0.0265625 0.040625
1 0.4 0.32265625 0.0234375 0.03515625
1 0.3859375 0.296875 0.015625 0.02421875
1 0.34609375 0.29296875 0.01796875 0.02890625
2 0.35 0.33984375 0.015625 0.03359375