1 0.215625 0.37421875 0.02421875 0.040625
1 0.23671875 0.3828125 0.03203125 0.03984375
2 0.234375 0.40078125 0.015625 0.05625
2 0.2296875 0.39375 0.0109375 0.04375
2 0.259375 0.39765625 0.01484375 0.05234375
2 0.2703125 0.39296875 0.0109375 0.04765625
2 0.2859375 0.39609375 0.01484375 0.0546875
2 0.24765625 0.3640625 0.00859375 0.02421875
2 0.20390625 0.35234375 0.00703125 0.02890625
2 0.1953125 0.34140625 0.01171875 0.03125
2 0.1859375 0.3390625 0.00703125 0.03046875
2 0.40390625 0.471875 0.05234375 0.08359375