1 0.2 0.340625 0.0171875 0.0265625
1 0.215625 0.37421875 0.025 0.03828125
1 0.24453125 0.390625 0.03359375 0.0453125
2 0.72890625 0.4765625 0.040625 0.071875
2 0.4890625 0.53125 0.04375 0.11640625
2 0.17421875 0.43984375 0.021875 0.0671875
2 0.228125 0.42421875 0.01796875 0.0640625
2 0.178125 0.35390625 0.00859375 0.0359375
2 0.27421875 0.3921875 0.01171875 0.04765625
2 0.29375 0.4265625 0.01640625 0.053125
2 0.303125 0.4171875 0.01328125 0.05859375
2 0.29296875 0.39296875 0.0140625 0.03984375
2 0.33203125 0.446875 0.01953125 0.0796875
2 0.3390625 0.43671875 0.0171875 0.06328125