2 0.40546875 0.96796875 0.0359375 0.0640625
2 0.51171875 0.80546875 0.03671875 0.14375
2 0.8375 0.92890625 0.05625 0.1421875
2 0.7578125 0.83984375 0.0453125 0.1453125
2 0.696875 0.771875 0.03515625 0.1140625
2 0.478125 0.6453125 0.02265625 0.096875
2 0.53828125 0.52265625 0.02109375 0.07578125
2 0.49609375 0.4984375 0.02109375 0.05234375
2 0.434375 0.43671875 0.01875 0.0578125
2 0.39453125 0.4234375 0.01875 0.05
2 0.37265625 0.37109375 0.01015625 0.03828125
2 0.36796875 0.3359375 0.009375 0.03671875
2 0.371875 0.309375 0.00703125 0.03125
2 0.3484375 0.31171875 0.01015625 0.0296875
1 0.48671875 0.96640625 0.07890625 0.0671875
1 0.6734375 0.95078125 0.1109375 0.09765625
1 0.73828125 0.909375 0.1546875 0.18125
1 0.6515625 0.7859375 0.09609375 0.16953125
1 0.42109375 0.65546875 0.06484375 0.14375
1 0.5171875 0.565625 0.0671875 0.1109375
1 0.41328125 0.3390625 0.02421875 0.0390625
1 0.40234375 0.32109375 0.01953125 0.0359375
1 0.38515625 0.29765625 0.0171875 0.0265625
3 0.47578125 0.4 0.03359375 0.0671875
3 0.453125 0.37109375 0.03125 0.06484375