1 0.5875 0.55625 0.178125 0.30390625
1 0.71796875 0.37109375 0.10234375 0.20234375
1 0.6515625 0.3171875 0.0890625 0.140625
1 0.57890625 0.2890625 0.09296875 0.14375
1 0.47109375 0.43125 0.1609375 0.21171875
2 0.4453125 0.575 0.08359375 0.2640625
2 0.33125 0.53125 0.08515625 0.2234375
2 0.29375 0.471875 0.06953125 0.21328125
2 0.38046875 0.39453125 0.06328125 0.146875
2 0.434375 0.3265625 0.03984375 0.11875
2 0.4765625 0.31328125 0.03125 0.0953125
2 0.5109375 0.28203125 0.03671875 0.1046875
2 0.52421875 0.48671875 0.04453125 0.18046875
2 0.6890625 0.77421875 0.07578125 0.29453125
2 0.71640625 0.56796875 0.071875 0.19453125
2 0.70703125 0.18125 0.01484375 0.08515625
2 0.75546875 0.1609375 0.021875 0.07265625