2 0.39609375 0.29453125 0.025 0.065625
2 0.35 0.26015625 0.02265625 0.04375
2 0.3703125 0.29765625 0.0265625 0.03984375
2 0.34453125 0.290625 0.0234375 0.065625
2 0.31015625 0.31796875 0.01875 0.07109375
2 0.3625 0.353125 0.028125 0.084375
2 0.38828125 0.42421875 0.028125 0.1125
2 0.2359375 0.74609375 0.06875 0.14296875
2 0.95078125 0.39453125 0.02578125 0.04609375
2 0.88671875 0.38125 0.02578125 0.046875
2 0.90703125 0.42578125 0.040625 0.09296875
2 0.86953125 0.51484375 0.0359375 0.10390625
2 0.85546875 0.625 0.0421875 0.146875
2 0.93125 0.75078125 0.06328125 0.175
1 0.30625 0.2796875 0.04765625 0.06953125