1 0.46484375 0.40546875 0.15234375 0.23046875
1 0.70390625 0.41640625 0.1359375 0.23046875
1 0.59296875 0.4015625 0.14765625 0.228125
2 0.36171875 0.415625 0.06484375 0.1765625
2 0.53203125 0.64140625 0.07265625 0.29140625
2 0.65078125 0.64609375 0.065625 0.27265625
2 0.08359375 0.634375 0.1234375 0.25546875
2 0.73125 0.55390625 0.06328125 0.2234375
2 0.275 0.4609375 0.06015625 0.1875
2 0.75078125 0.65234375 0.05859375 0.27265625
2 0.2296875 0.55859375 0.09765625 0.25390625
2 0.64765625 0.3 0.02421875 0.071875
2 0.66875 0.2890625 0.02109375 0.10390625
2 0.684375 0.2578125 0.01875 0.09765625
2 0.703125 0.2765625 0.02265625 0.09296875
1 0.62578125 0.26328125 0.0828125 0.1296875
1 0.6828125 0.2125 0.06015625 0.0953125
1 0.7453125 0.203125 0.04296875 0.096875
1 0.715625 0.1796875 0.04453125 0.08125