1 0.36875 0.803125 0.12578125 0.24453125
1 0.66328125 0.88828125 0.1484375 0.2234375
1 0.71796875 0.80703125 0.12734375 0.20703125
1 0.5796875 0.71953125 0.090625 0.17265625
1 0.4671875 0.6984375 0.08359375 0.16875
1 0.50859375 0.55 0.071875 0.1265625
1 0.41328125 0.5 0.0546875 0.09765625
1 0.45234375 0.44609375 0.05234375 0.09375
1 0.35234375 0.40390625 0.03828125 0.0890625
3 0.41875 0.58671875 0.0609375 0.121875
2 0.48046875 0.9578125 0.03359375 0.084375
2 0.453125 0.8875 0.028125 0.13828125
2 0.4734375 0.8421875 0.046875 0.1453125
2 0.52109375 0.92109375 0.03515625 0.1546875
2 0.56953125 0.9 0.040625 0.15703125
2 0.6125 0.9578125 0.05 0.084375
2 0.87578125 0.93046875 0.0578125 0.1390625
2 0.80703125 0.83671875 0.0515625 0.140625
2 0.69375 0.84765625 0.05 0.128125
2 0.54296875 0.79921875 0.0359375 0.11484375
2 0.5328125 0.7328125 0.02890625 0.07421875
2 0.6296875 0.7109375 0.0359375 0.1140625
2 0.67109375 0.68203125 0.0328125 0.08671875
2 0.6890625 0.6609375 0.02734375 0.09140625
2 0.73515625 0.6890625 0.0421875 0.09296875
2 0.625 0.61875 0.03046875 0.08203125
2 0.525 0.63203125 0.02578125 0.1015625
2 0.4984375 0.65625 0.02421875 0.09921875
2 0.4171875 0.746875 0.03515625 0.1234375
2 0.40390625 0.6703125 0.03046875 0.07890625
2 0.36484375 0.64921875 0.0234375 0.06953125
2 0.38515625 0.621875 0.02421875 0.08046875
2 0.365625 0.5875 0.0234375 0.075
2 0.44765625 0.37578125 0.01875 0.05234375