2 0.7328125 0.41015625 0.053125 0.06484375
2 0.621875 0.47578125 0.06875 0.08515625
2 0.84765625 0.92734375 0.1296875 0.1453125
2 0.4609375 0.6921875 0.11015625 0.14375
2 0.37421875 0.86875 0.0953125 0.159375
2 0.33125 0.71875 0.10859375 0.13984375
2 0.25859375 0.8140625 0.09765625 0.1578125
2 0.3078125 0.578125 0.0796875 0.0953125
2 0.225 0.5703125 0.0703125 0.07421875
2 0.19609375 0.625 0.05 0.071875
2 0.26328125 0.5046875 0.059375 0.08359375
2 0.34375 0.46953125 0.0484375 0.0890625
2 0.35859375 0.40390625 0.03984375 0.084375
2 0.36015625 0.3484375 0.02578125 0.04609375
2 0.34140625 0.31328125 0.01953125 0.0546875
2 0.29921875 0.29296875 0.01875 0.053125
2 0.33046875 0.27109375 0.0125 0.0625
2 0.32265625 0.26171875 0.01015625 0.04140625
2 0.3140625 0.25546875 0.01328125 0.0375
1 0.36171875 0.2765625 0.0578125 0.090625
1 0.3546875 0.228125 0.0328125 0.05078125