1 0.73828125 0.415625 0.10234375 0.20859375
1 0.63828125 0.25390625 0.078125 0.12421875
1 0.70625 0.18515625 0.05390625 0.08671875
3 0.3109375 0.52109375 0.26328125 0.4203125
2 0.45546875 0.66484375 0.05390625 0.3015625
2 0.6828125 0.68203125 0.0640625 0.2796875
2 0.59921875 0.665625 0.06484375 0.2859375
2 0.5328125 0.5640625 0.075 0.253125
2 0.59140625 0.47421875 0.0546875 0.19453125
2 0.69453125 0.52109375 0.046875 0.16640625
2 0.6359375 0.528125 0.04609375 0.19765625
2 0.6484375 0.42265625 0.0390625 0.18515625
2 0.6328125 0.38984375 0.03203125 0.1640625
2 0.6734375 0.38046875 0.028125 0.14765625
2 0.69765625 0.346875 0.02734375 0.14296875
1 0.7375 0.28046875 0.05625 0.13203125
2 0.72265625 0.22734375 0.02109375 0.09140625
2 0.74296875 0.18984375 0.021875 0.07109375