2 0.44453125 0.9390625 0.05 0.121875
2 0.921875 0.95859375 0.04921875 0.08203125
2 0.478125 0.69140625 0.0265625 0.10703125
2 0.53828125 0.52734375 0.02890625 0.07109375
2 0.54609375 0.50625 0.02578125 0.07421875
2 0.515625 0.459375 0.02265625 0.06015625
1 0.821875 0.93515625 0.13125 0.12890625
1 0.671875 0.89453125 0.128125 0.2109375
1 0.696875 0.803125 0.12734375 0.19765625
1 0.56484375 0.7390625 0.07578125 0.16015625
1 0.61875 0.67734375 0.0734375 0.12578125
3 0.56640625 0.61015625 0.06875 0.109375
1 0.4484375 0.4296875 0.03671875 0.06875
2 0.34765625 0.328125 0.009375 0.0359375
2 0.3984375 0.32421875 0.00859375 0.03203125
1 0.3953125 0.3125 0.01953125 0.03515625
2 0.41875 0.340625 0.01171875 0.03671875