1 0.2328125 0.559375 0.16484375 0.1484375
2 0.48046875 0.4984375 0.040625 0.11875
2 0.05546875 0.59375 0.05703125 0.11640625
2 0.62109375 0.63125 0.0484375 0.17890625
2 0.64453125 0.5265625 0.0328125 0.12421875
2 0.75546875 0.40390625 0.01953125 0.0796875
2 0.715625 0.34765625 0.01484375 0.05859375
2 0.61015625 0.4265625 0.02421875 0.09140625
1 0.56484375 0.41171875 0.07265625 0.0921875
1 0.684375 0.4328125 0.0625 0.109375
1 0.671875 0.34296875 0.03671875 0.05703125
2 0.76328125 0.3125 0.00859375 0.04921875
1 0.1640625 0.9125 0.31796875 0.175
2 0.5953125 0.8640625 0.07734375 0.25625