1 0.771875 0.91015625 0.153125 0.1796875
1 0.66328125 0.90390625 0.1265625 0.1921875
1 0.51796875 0.84296875 0.0984375 0.21328125
1 0.67109375 0.77421875 0.10390625 0.18046875
3 0.57109375 0.721875 0.0953125 0.18125
3 0.553125 0.58828125 0.071875 0.13046875
3 0.4625 0.384375 0.0296875 0.059375
2 0.74765625 0.7765625 0.0453125 0.109375
2 0.715625 0.71953125 0.0296875 0.09140625
2 0.6703125 0.6828125 0.02890625 0.0578125
2 0.6046875 0.68984375 0.02734375 0.10859375
2 0.62734375 0.66015625 0.03046875 0.071875
2 0.6390625 0.63828125 0.025 0.08203125
2 0.6109375 0.60234375 0.01875 0.06875
2 0.58828125 0.58828125 0.0203125 0.0765625
2 0.4703125 0.59921875 0.0203125 0.0890625
2 0.396875 0.6203125 0.01875 0.0828125
2 0.4171875 0.45859375 0.0140625 0.05546875
2 0.38203125 0.36328125 0.01015625 0.03671875
2 0.35546875 0.2921875 0.00625 0.025
2 0.31640625 0.2296875 0.0046875 0.01328125
1 0.4125 0.3421875 0.0234375 0.03984375
1 0.403125 0.33046875 0.01796875 0.03515625
1 0.31953125 0.2484375 0.0109375 0.01875