1 0.22734375 0.6390625 0.30390625 0.37578125
1 0.55546875 0.3359375 0.12109375 0.18046875
1 0.6640625 0.20859375 0.06484375 0.1
2 0.73203125 0.196875 0.0171875 0.075
2 0.703125 0.79296875 0.08515625 0.34921875
2 0.56328125 0.65390625 0.08046875 0.28671875
2 0.5046875 0.62265625 0.06015625 0.26640625
2 0.63359375 0.27734375 0.028125 0.10390625
2 0.56484375 0.5109375 0.04609375 0.1953125
2 0.62734375 0.72734375 0.10078125 0.334375
2 0.6546875 0.59375 0.07734375 0.1953125
2 0.734375 0.65078125 0.075 0.2703125
2 0.7734375 0.5296875 0.0328125 0.2109375
2 0.61875 0.42265625 0.05859375 0.19765625
2 0.66171875 0.34140625 0.0328125 0.1140625
1 0.68671875 0.45703125 0.1421875 0.2796875
1 0.74453125 0.3421875 0.08046875 0.16796875