1 0.2828125 0.83828125 0.084375 0.1984375
3 0.4421875 0.90234375 0.09765625 0.1953125
3 0.534375 0.81015625 0.11015625 0.2921875
2 0.7609375 0.93125 0.04921875 0.1375
2 0.7796875 0.85625 0.04375 0.13125
2 0.7015625 0.73515625 0.03125 0.1015625
2 0.65703125 0.70703125 0.02734375 0.103125
2 0.61796875 0.61953125 0.02109375 0.07734375
2 0.57734375 0.5625 0.01875 0.07421875
2 0.4296875 0.66796875 0.02265625 0.09140625
1 0.38828125 0.67578125 0.05390625 0.11953125
1 0.45078125 0.61328125 0.05859375 0.10546875
1 0.5953125 0.69609375 0.08046875 0.1546875
1 0.5484375 0.5921875 0.06875 0.12265625
1 0.4765625 0.52578125 0.053125 0.0796875
1 0.42421875 0.53828125 0.05 0.08828125
2 0.3921875 0.58515625 0.01953125 0.0703125
1 0.40234375 0.48125 0.04140625 0.075
1 0.45625 0.47265625 0.0390625 0.06796875
1 0.42890625 0.4390625 0.034375 0.065625
1 0.3875 0.43515625 0.0328125 0.0703125
1 0.378125 0.3984375 0.0296875 0.05625
1 0.3703125 0.36953125 0.02265625 0.04140625
1 0.43203125 0.4046875 0.03125 0.04609375
3 0.41953125 0.37890625 0.02890625 0.04609375
3 0.40625 0.35 0.03125 0.0515625
3 0.3921875 0.32890625 0.028125 0.0578125
2 0.54140625 0.4921875 0.0171875 0.06015625
2 0.52734375 0.50859375 0.015625 0.04921875
2 0.5140625 0.5 0.015625 0.0640625
2 0.48515625 0.46328125 0.0125 0.05078125
2 0.47109375 0.4453125 0.01484375 0.053125
2 0.5125 0.4734375 0.015625 0.04375
2 0.50703125 0.4609375 0.0109375 0.0453125
2 0.49765625 0.44921875 0.0171875 0.05
2 0.4859375 0.41953125 0.01171875 0.04140625
2 0.3359375 0.39609375 0.0140625 0.04453125
2 0.3375 0.30078125 0.0078125 0.03125