1 0.3453125 0.60703125 0.18828125 0.1765625
1 0.6640625 0.50390625 0.14140625 0.134375
1 0.33359375 0.33515625 0.0546875 0.07578125
1 0.9328125 0.5578125 0.13359375 0.1328125
2 0.45 0.87734375 0.153125 0.2453125
2 0.68671875 0.8890625 0.134375 0.221875
2 0.9015625 0.7640625 0.09609375 0.21953125
2 0.9515625 0.86328125 0.08828125 0.23046875
2 0.4828125 0.53359375 0.06953125 0.121875
2 0.54140625 0.4796875 0.0671875 0.1125
1 0.05625 0.54140625 0.1125 0.16328125
2 0.35078125 0.5015625 0.053125 0.10546875
2 0.8796875 0.4078125 0.0421875 0.0734375
2 0.75234375 0.3625 0.0375 0.06875
2 0.65859375 0.32421875 0.02578125 0.06171875
2 0.6046875 0.3140625 0.02109375 0.059375
2 0.57890625 0.29765625 0.01640625 0.05
2 0.5484375 0.2890625 0.015625 0.05625
2 0.98515625 0.4265625 0.0296875 0.071875