2 0.871875 0.934375 0.05859375 0.13046875
2 0.53359375 0.94453125 0.0375 0.11015625
2 0.48671875 0.75078125 0.04375 0.11015625
2 0.7375 0.76796875 0.040625 0.10546875
2 0.49609375 0.51015625 0.02421875 0.06484375
2 0.49765625 0.48671875 0.02421875 0.0625
2 0.3921875 0.4765625 0.0140625 0.059375
2 0.371875 0.45234375 0.01328125 0.053125
2 0.4015625 0.44609375 0.01484375 0.0515625
2 0.3578125 0.42578125 0.01328125 0.04765625
2 0.35546875 0.30390625 0.009375 0.02890625
2 0.32890625 0.275 0.00625 0.02265625
2 0.31640625 0.26796875 0.0046875 0.01875
2 0.31171875 0.25078125 0.00546875 0.01796875
2 0.3234375 0.2515625 0.00546875 0.0171875
2 0.31328125 0.2390625 0.00703125 0.01484375
1 0.740625 0.9046875 0.13515625 0.18984375
1 0.6484375 0.7421875 0.09765625 0.16796875
1 0.6015625 0.89765625 0.1140625 0.2046875
1 0.52265625 0.5734375 0.06953125 0.1234375
1 0.45625 0.4984375 0.04453125 0.090625
1 0.4875 0.4578125 0.04765625 0.06328125
1 0.4125 0.3421875 0.0234375 0.03828125
1 0.37734375 0.334375 0.021875 0.0390625
1 0.33046875 0.259375 0.01328125 0.02265625
1 0.33828125 0.25 0.0125 0.0171875
1 0.321875 0.23359375 0.009375 0.015625
3 0.56484375 0.7015625 0.0921875 0.20390625
3 0.4625 0.38515625 0.0296875 0.05859375
3 0.446875 0.3671875 0.028125 0.06328125