1 0.36484375 0.2828125 0.053125 0.06171875
1 0.35625 0.23203125 0.0328125 0.05390625
2 0.36484375 0.89375 0.096875 0.1421875
2 0.465625 0.73828125 0.109375 0.11796875
2 0.31171875 0.70390625 0.10078125 0.11328125
2 0.6375 0.4671875 0.07109375 0.10390625
2 0.50234375 0.465625 0.084375 0.11328125
2 0.29296875 0.5546875 0.071875 0.10390625
2 0.2515625 0.534375 0.0609375 0.0875
2 0.184375 0.5890625 0.05859375 0.08515625
2 0.33359375 0.27890625 0.0078125 0.05
2 0.32109375 0.2671875 0.0125 0.04609375
2 0.31328125 0.25546875 0.01484375 0.0453125