1 0.896875 0.6265625 0.12578125 0.25234375
1 0.94375 0.44375 0.08125 0.09375
1 0.36953125 0.33046875 0.08203125 0.096875
2 0.45859375 0.6734375 0.1 0.1078125
2 0.4796875 0.59375 0.08828125 0.07578125
2 0.64609375 0.56640625 0.07578125 0.0921875
2 0.5203125 0.38828125 0.05625 0.06171875
2 0.51640625 0.34921875 0.05625 0.046875
2 0.303125 0.2703125 0.02265625 0.071875
2 0.78671875 0.490625 0.06171875 0.09140625
2 0.85 0.51953125 0.0484375 0.08515625
2 0.20234375 0.6703125 0.07421875 0.09453125
2 0.984375 0.55859375 0.03046875 0.0859375
2 0.95234375 0.53828125 0.02578125 0.0703125
2 0.91328125 0.4984375 0.04296875 0.03203125
2 0.99296875 0.4546875 0.0140625 0.06875