2 0.359375 0.834375 0.0328125 0.12265625
2 0.3796875 0.94375 0.0375 0.1125
2 0.86015625 0.97109375 0.04140625 0.05703125
2 0.8984375 0.96171875 0.053125 0.0765625
2 0.85 0.89453125 0.04453125 0.1109375
2 0.8125 0.9296875 0.05 0.13984375
2 0.80390625 0.840625 0.05625 0.09453125
2 0.653125 0.93671875 0.04375 0.1265625
2 0.67578125 0.91953125 0.04609375 0.1515625
2 0.75 0.78359375 0.034375 0.11015625
2 0.7125 0.7453125 0.02578125 0.1078125
2 0.68203125 0.71328125 0.0296875 0.10390625
2 0.6703125 0.6796875 0.0234375 0.08515625
2 0.64140625 0.6484375 0.02265625 0.07109375
2 0.5359375 0.51015625 0.021875 0.0671875
2 0.45703125 0.44921875 0.02109375 0.05859375
2 0.38671875 0.353125 0.0109375 0.03671875
2 0.3453125 0.278125 0.0078125 0.028125
2 0.32578125 0.25859375 0.00546875 0.0203125
1 0.58671875 0.9234375 0.0984375 0.153125
1 0.72734375 0.88203125 0.1390625 0.2359375
1 0.57734375 0.74921875 0.0953125 0.17109375
1 0.50234375 0.759375 0.078125 0.17109375
1 0.615625 0.69453125 0.09609375 0.146875
1 0.50703125 0.65078125 0.07578125 0.128125
1 0.56796875 0.60390625 0.06875 0.11171875
1 0.47421875 0.5671875 0.06171875 0.1078125
1 0.478125 0.484375 0.05078125 0.0796875
1 0.4109375 0.34140625 0.02578125 0.0453125
0 0.4484375 0.82265625 0.15 0.3546875
3 0.49609375 0.44296875 0.04375 0.06953125
3 0.46171875 0.38359375 0.03125 0.059375
3 0.446875 0.3625 0.02890625 0.059375