2 0.6921875 0.61796875 0.05625 0.2671875
2 0.76640625 0.5375 0.04140625 0.2296875
2 0.678125 0.459375 0.04921875 0.18984375
2 0.58828125 0.6625 0.05703125 0.32578125
2 0.55234375 0.578125 0.06796875 0.2734375
2 0.3234375 0.46171875 0.06484375 0.17890625
2 0.39765625 0.46875 0.06875 0.20078125
2 0.38046875 0.35625 0.0578125 0.1046875
2 0.60234375 0.38515625 0.0390625 0.15625
2 0.64296875 0.34921875 0.0296875 0.16171875
1 0.48828125 0.46875 0.1765625 0.2765625
1 0.56640625 0.28203125 0.11015625 0.1328125
1 0.65625 0.2453125 0.06953125 0.1078125
1 0.70234375 0.1984375 0.0546875 0.09375
1 0.72421875 0.171875 0.040625 0.08515625
1 0.75390625 0.15234375 0.03359375 0.05390625