3 0.46171875 0.45078125 0.0640625 0.14375
3 0.45078125 0.3578125 0.02734375 0.04453125
1 0.525 0.93671875 0.09765625 0.1265625
1 0.75078125 0.94921875 0.13203125 0.10078125
1 0.5984375 0.83125 0.10234375 0.1953125
3 0.68046875 0.80546875 0.109375 0.17109375
1 0.4734375 0.83046875 0.0859375 0.1734375
1 0.42890625 0.6859375 0.065625 0.14140625
1 0.5109375 0.68828125 0.07578125 0.14765625
1 0.59609375 0.68046875 0.07890625 0.134375
1 0.55703125 0.59375 0.065625 0.10234375
1 0.49765625 0.53125 0.053125 0.09375
1 0.39921875 0.4578125 0.03828125 0.07421875
1 0.50859375 0.45 0.04609375 0.08125
1 0.4046875 0.321875 0.02265625 0.03828125
1 0.3859375 0.29765625 0.0171875 0.028125
2 0.42890625 0.94921875 0.04375 0.1015625
2 0.4 0.8484375 0.03125 0.1171875
2 0.40625 0.7984375 0.03125 0.10859375
2 0.37734375 0.7984375 0.02421875 0.11640625
2 0.6265625 0.9484375 0.04140625 0.103125
2 0.88046875 0.95625 0.05390625 0.08671875
2 0.8453125 0.8953125 0.0484375 0.14375
2 0.8078125 0.9203125 0.05625 0.159375
2 0.771875 0.85625 0.0375 0.12421875
2 0.7953125 0.8265625 0.04453125 0.12109375
2 0.6359375 0.81484375 0.0296875 0.12109375
2 0.7421875 0.74921875 0.03828125 0.1
2 0.72890625 0.8109375 0.03125 0.09140625
2 0.70390625 0.73046875 0.03203125 0.0625
2 0.6984375 0.6953125 0.03125 0.053125
2 0.57421875 0.7109375 0.03203125 0.05859375
2 0.6640625 0.70859375 0.02421875 0.05390625
2 0.66171875 0.6703125 0.0296875 0.08671875
2 0.6515625 0.6203125 0.025 0.06171875
2 0.621875 0.66171875 0.03671875 0.1078125
2 0.6125 0.60390625 0.01953125 0.0515625
2 0.628125 0.62578125 0.021875 0.05390625
2 0.46171875 0.65234375 0.01796875 0.084375
2 0.46796875 0.6203125 0.01875 0.08125
2 0.5265625 0.6328125 0.021875 0.071875
2 0.40234375 0.52265625 0.01875 0.0671875
2 0.42265625 0.4234375 0.0125 0.04765625
2 0.4078125 0.4 0.01171875 0.0453125
2 0.5078125 0.4859375 0.021875 0.04921875
2 0.39375 0.3359375 0.01171875 0.0375
2 0.346875 0.33359375 0.01171875 0.03984375
2 0.35 0.2921875 0.0078125 0.02578125