2 0.6125 0.35078125 0.01484375 0.053125
2 0.64609375 0.32734375 0.0109375 0.0484375
2 0.68984375 0.3390625 0.015625 0.0609375
2 0.70234375 0.28046875 0.0078125 0.03125
1 0.68359375 0.3078125 0.0328125 0.04375
1 0.72265625 0.33046875 0.03671875 0.065625
1 0.77265625 0.3171875 0.02734375 0.0484375
3 0.7390625 0.290625 0.03828125 0.08203125
2 0.753125 0.33828125 0.009375 0.05546875
2 0.77265625 0.33984375 0.01171875 0.06015625
2 0.78203125 0.33359375 0.009375 0.0546875
2 0.79453125 0.34140625 0.009375 0.05703125