1 0.0703125 0.65546875 0.1375 0.12109375
1 0.56484375 0.503125 0.08125 0.11171875
2 0.41015625 0.525 0.03046875 0.09140625
2 0.47890625 0.41328125 0.01796875 0.06015625
2 0.50625 0.43671875 0.01796875 0.07109375
2 0.58828125 0.47265625 0.02421875 0.0765625
2 0.653125 0.49375 0.0296875 0.08203125
2 0.6578125 0.5375 0.03515625 0.1015625
2 0.7734375 0.46640625 0.01953125 0.08203125
2 0.8109375 0.578125 0.03125 0.12734375
2 0.84609375 0.6546875 0.04296875 0.16328125
2 0.91640625 0.665625 0.0546875 0.12109375
1 0.95625 0.78984375 0.0875 0.209375
1 0.4109375 0.3796875 0.02890625 0.05
1 0.38359375 0.35390625 0.02421875 0.0328125