2 0.7765625 0.384375 0.034375 0.08203125
2 0.81171875 0.38203125 0.0375 0.07890625
2 0.69453125 0.346875 0.0390625 0.07734375
2 0.71328125 0.33125 0.0234375 0.06015625
2 0.65 0.32421875 0.0296875 0.07109375
1 0.50078125 0.4984375 0.0796875 0.1546875
2 0.34140625 0.4640625 0.03984375 0.10390625
2 0.365625 0.4265625 0.02734375 0.09375
2 0.4421875 0.44375 0.03046875 0.09453125
2 0.48671875 0.39765625 0.01875 0.07890625
2 0.43671875 0.39453125 0.0234375 0.08125
2 0.42734375 0.34609375 0.02890625 0.0671875
1 0.47578125 0.31640625 0.03203125 0.06953125
2 0.45234375 0.28671875 0.01171875 0.04765625
1 0.47578125 0.26171875 0.021875 0.04453125
2 0.51640625 0.33125 0.0140625 0.06875
1 0.53984375 0.2765625 0.03671875 0.059375