2 0.45390625 0.61953125 0.0453125 0.28515625
2 0.26953125 0.47421875 0.0984375 0.18046875
2 0.09140625 0.62265625 0.1296875 0.2390625
2 0.39375 0.36328125 0.04453125 0.140625
2 0.47890625 0.30234375 0.04453125 0.1078125
2 0.69375 0.78515625 0.08125 0.29609375
2 0.7140625 0.5875 0.0765625 0.2328125
2 0.7828125 0.5546875 0.04921875 0.2296875
1 0.590625 0.56328125 0.1609375 0.32109375
1 0.4359375 0.46640625 0.18984375 0.234375
1 0.5609375 0.3171875 0.1109375 0.16484375
1 0.64765625 0.325 0.09609375 0.17109375
1 0.71875 0.37421875 0.1109375 0.18984375
1 0.68828125 0.21015625 0.0640625 0.1296875