2 0.528125 0.8578125 0.03984375 0.13046875
2 0.68203125 0.7671875 0.040625 0.1234375
2 0.6015625 0.6640625 0.03359375 0.09921875
2 0.5609375 0.62421875 0.0265625 0.0890625
2 0.36953125 0.52734375 0.01796875 0.07109375
2 0.40703125 0.390625 0.01328125 0.04453125
2 0.36015625 0.38828125 0.01171875 0.04375
2 0.37109375 0.35625 0.01015625 0.03984375
2 0.3296875 0.34921875 0.0109375 0.034375
2 0.39140625 0.3328125 0.009375 0.03125
2 0.3703125 0.303125 0.0078125 0.0296875
1 0.603125 0.79296875 0.10546875 0.18984375
1 0.49375 0.428125 0.03828125 0.07578125
3 0.47421875 0.4 0.03046875 0.06640625
3 0.453125 0.3703125 0.0296875 0.065625
1 0.403125 0.321875 0.02265625 0.03671875
1 0.38515625 0.2984375 0.01640625 0.0265625