1 0.48203125 0.8265625 0.2390625 0.346875
1 0.39453125 0.52421875 0.11796875 0.13671875
1 0.59140625 0.4171875 0.07734375 0.1015625
1 0.675 0.4140625 0.065625 0.10546875
1 0.75234375 0.3890625 0.05390625 0.09296875
1 0.67265625 0.3421875 0.04765625 0.06328125
1 0.7234375 0.33046875 0.03203125 0.05703125
1 0.63046875 0.33671875 0.04140625 0.046875
1 0.66875 0.3046875 0.03359375 0.0328125
1 0.75546875 0.2921875 0.02578125 0.04140625
3 0.703125 0.5 0.0890625 0.16171875
2 0.78046875 0.3140625 0.01015625 0.0484375
2 0.37109375 0.61640625 0.0640625 0.1484375