2 0.4265625 0.9640625 0.046875 0.07109375
2 0.57734375 0.96484375 0.03671875 0.0703125
2 0.84375 0.96953125 0.04765625 0.06015625
2 0.89375 0.940625 0.0625 0.11875
2 0.74140625 0.775 0.04140625 0.11328125
2 0.59375 0.62265625 0.0265625 0.08046875
2 0.5078125 0.509375 0.021875 0.065625
2 0.41953125 0.46875 0.0140625 0.0578125
2 0.36171875 0.315625 0.0078125 0.0328125
2 0.34453125 0.296875 0.00703125 0.02578125
2 0.315625 0.284375 0.009375 0.025
2 0.3296875 0.24453125 0.00546875 0.0203125
2 0.33359375 0.23203125 0.00546875 0.01484375
1 0.48359375 0.87578125 0.08515625 0.19765625
1 0.69375 0.88125 0.134375 0.2375
1 0.41171875 0.3421875 0.02578125 0.0453125
3 0.496875 0.44296875 0.04453125 0.06953125
3 0.4625 0.384375 0.03203125 0.06015625
3 0.44609375 0.36484375 0.028125 0.0609375