1 0.3515625 0.23984375 0.0390625 0.059375
1 0.503125 0.3359375 0.1109375 0.12421875
2 0.33359375 0.3078125 0.02421875 0.05078125
2 0.38203125 0.43125 0.03671875 0.0765625
2 0.37734375 0.49453125 0.0359375 0.090625
2 0.55625 0.609375 0.053125 0.15859375
2 0.48359375 0.621875 0.05546875 0.15625
2 0.44765625 0.7203125 0.059375 0.19765625
2 0.61875 0.8234375 0.08515625 0.2171875
2 0.88046875 0.4046875 0.0265625 0.0734375
2 0.80703125 0.4984375 0.03515625 0.13046875
2 0.875 0.51015625 0.03046875 0.11015625
2 0.896875 0.7046875 0.053125 0.17109375
2 0.95234375 0.5859375 0.040625 0.1375
2 0.9828125 0.965625 0.034375 0.06875