1 0.57734375 0.32578125 0.10078125 0.15078125
1 0.4171875 0.4125 0.18203125 0.23203125
1 0.709375 0.39921875 0.11796875 0.23984375
1 0.6578125 0.25390625 0.07578125 0.134375
2 0.721875 0.75078125 0.06796875 0.29140625
2 0.6484375 0.66953125 0.07578125 0.30625
2 0.57890625 0.50859375 0.04609375 0.21015625
2 0.34296875 0.575 0.08125 0.2265625
2 0.59609375 0.61796875 0.05390625 0.25078125
2 0.46328125 0.5875 0.07265625 0.24453125
2 0.33046875 0.41484375 0.05859375 0.171875
2 0.53359375 0.2984375 0.03515625 0.12421875
2 0.5203125 0.58828125 0.06328125 0.24765625
2 0.70703125 0.53984375 0.05546875 0.24765625
2 0.76328125 0.59609375 0.04296875 0.225
2 0.64765625 0.51171875 0.0484375 0.20234375
2 0.69921875 0.28515625 0.0328125 0.08515625
2 0.41171875 0.5609375 0.06875 0.22734375
2 0.46953125 0.45546875 0.06171875 0.1546875
2 0.52265625 0.46171875 0.04765625 0.1515625
2 0.76796875 0.4734375 0.04453125 0.18984375
1 0.69765625 0.2078125 0.046875 0.08203125
1 0.71015625 0.1734375 0.0421875 0.075
1 0.73515625 0.153125 0.03125 0.065625
1 0.75625 0.165625 0.025 0.07421875