1 0.5796875 0.50546875 0.1078125 0.12578125
2 0.6328125 0.53046875 0.03671875 0.09140625
2 0.80625 0.45390625 0.02109375 0.05859375
2 0.4609375 0.40625 0.02109375 0.040625
2 0.34140625 0.66484375 0.06875 0.1359375
2 0.275 0.628125 0.06796875 0.1296875
2 0.36484375 0.4296875 0.01875 0.0609375
2 0.4 0.36796875 0.01171875 0.034375
1 0.3546875 0.37109375 0.0265625 0.03515625
2 0.6796875 0.48203125 0.02890625 0.09296875
2 0.72578125 0.49296875 0.02890625 0.10078125
3 0.7609375 0.40390625 0.06640625 0.0828125
2 0.63125 0.44453125 0.02578125 0.0734375
2 0.534375 0.39921875 0.02578125 0.0625
2 0.49296875 0.39609375 0.02265625 0.0640625