1 0.50078125 0.6984375 0.190625 0.209375
2 0.74140625 0.6046875 0.04140625 0.1390625
2 0.2609375 0.6609375 0.053125 0.17421875
2 0.2828125 0.4640625 0.01875 0.08515625
2 0.25078125 0.4765625 0.0203125 0.0796875
2 0.25859375 0.4296875 0.01484375 0.05625
2 0.28984375 0.4 0.0140625 0.05390625
2 0.21796875 0.46875 0.0171875 0.07890625
2 0.1859375 0.428125 0.01484375 0.06015625
2 0.20625 0.41015625 0.01171875 0.05
2 0.23359375 0.4140625 0.0125 0.053125
2 0.1671875 0.41171875 0.01015625 0.053125
2 0.1875 0.37109375 0.009375 0.0328125
2 0.16484375 0.3859375 0.01015625 0.03671875