1 0.71328125 0.45078125 0.128125 0.25546875
3 0.453125 0.34375 0.28046875 0.4140625
2 0.4890625 0.5 0.0578125 0.2
2 0.60390625 0.86171875 0.0984375 0.27421875
2 0.60625 0.6671875 0.065625 0.27734375
2 0.278125 0.46171875 0.08046875 0.196875
2 0.7171875 0.70078125 0.0671875 0.284375
2 0.77890625 0.58046875 0.06328125 0.2578125
1 0.5859375 0.40390625 0.14765625 0.24609375
1 0.740625 0.29921875 0.0734375 0.09921875
1 0.66640625 0.2078125 0.053125 0.0921875
1 0.71875 0.184375 0.04921875 0.0734375
1 0.75859375 0.1484375 0.0203125 0.05390625
2 0.68671875 0.3578125 0.03515625 0.128125
2 0.66171875 0.33125 0.02578125 0.128125
2 0.6375 0.26953125 0.02578125 0.0453125
2 0.6515625 0.2609375 0.02109375 0.071875
2 0.66171875 0.240625 0.02890625 0.07265625
2 0.6828125 0.2890625 0.02265625 0.09453125
2 0.70859375 0.25390625 0.0296875 0.0609375
2 0.73828125 0.23046875 0.02265625 0.06171875
2 0.734375 0.22578125 0.021875 0.07265625
2 0.8046875 0.3953125 0.0328125 0.11015625
2 0.7875 0.37109375 0.01953125 0.0859375
3 0.60859375 0.2265625 0.06171875 0.1046875