2 0.59375 0.65859375 0.0578125 0.33125
2 0.690625 0.6171875 0.0609375 0.2640625
2 0.76640625 0.54140625 0.046875 0.209375
2 0.64921875 0.53984375 0.046875 0.2125
2 0.5484375 0.575 0.06328125 0.25625
2 0.3265625 0.475 0.0671875 0.20078125
2 0.39453125 0.46640625 0.06640625 0.196875
2 0.3796875 0.365625 0.0515625 0.1375
2 0.60703125 0.3859375 0.03671875 0.14375
2 0.64921875 0.34765625 0.03359375 0.14921875
1 0.490625 0.47578125 0.18125 0.2859375
1 0.565625 0.2890625 0.10703125 0.1265625
1 0.6609375 0.24140625 0.07265625 0.1
1 0.703125 0.2 0.05390625 0.09609375
1 0.728125 0.1765625 0.04140625 0.065625