1 0.4015625 0.4609375 0.19453125 0.26953125
1 0.7375 0.159375 0.0421875 0.06015625
3 0.65 0.47578125 0.1609375 0.26796875
1 0.65 0.25859375 0.06328125 0.11328125
1 0.5703125 0.30625 0.10703125 0.1734375
1 0.68828125 0.221875 0.0546875 0.10390625
2 0.6890625 0.7234375 0.06328125 0.29140625
2 0.60859375 0.678125 0.0671875 0.30546875
2 0.378125 0.58359375 0.090625 0.24765625
2 0.46953125 0.4984375 0.0671875 0.215625
2 0.5515625 0.4609375 0.05625 0.17109375
2 0.51875 0.6 0.0671875 0.2515625
2 0.52265625 0.425 0.04765625 0.18828125
2 0.3453125 0.4078125 0.04375 0.109375
2 0.4890625 0.34453125 0.0390625 0.12421875
2 0.478125 0.29296875 0.034375 0.07265625
2 0.59765625 0.3578125 0.0484375 0.15078125
3 0.74921875 0.27265625 0.06640625 0.17265625