1 0.72421875 0.32734375 0.07265625 0.153125
1 0.5953125 0.28125 0.08046875 0.134375
1 0.65234375 0.2359375 0.05859375 0.09921875
1 0.509375 0.3453125 0.11796875 0.17421875
1 0.64375 0.47890625 0.171875 0.33125
3 0.70390625 0.15234375 0.07578125 0.15859375
2 0.4875 0.625 0.0609375 0.30859375
2 0.55625 0.459375 0.05390625 0.19453125
2 0.67734375 0.73515625 0.1015625 0.33359375
2 0.75 0.6375 0.053125 0.27109375
2 0.42109375 0.57109375 0.07265625 0.24375
2 0.30703125 0.509375 0.06640625 0.20546875
2 0.5203125 0.41640625 0.0484375 0.18203125
2 0.26484375 0.46796875 0.07890625 0.18828125
2 0.7390625 0.1984375 0.0203125 0.07890625
2 0.7953125 0.43984375 0.05078125 0.1765625
2 0.7375 0.528125 0.0515625 0.18828125
2 0.753125 0.40234375 0.04609375 0.146875
2 0.3578125 0.52421875 0.07734375 0.225
2 0.37421875 0.43125 0.08046875 0.1484375
2 0.4328125 0.4375 0.0609375 0.16015625
2 0.4671875 0.46640625 0.0546875 0.19609375