1 0.440625 0.91875 0.08125 0.1625
1 0.55703125 0.90078125 0.11328125 0.1984375
1 0.59296875 0.78125 0.0984375 0.18515625
1 0.7421875 0.82734375 0.12890625 0.171875
2 0.33046875 0.815625 0.0328125 0.11875
2 0.63359375 0.928125 0.0390625 0.14375
2 0.5921875 0.878125 0.0390625 0.13046875
2 0.54609375 0.79140625 0.01953125 0.065625
2 0.51953125 0.75859375 0.025 0.10703125
2 0.50546875 0.7046875 0.028125 0.0890625
2 0.875 0.92890625 0.06015625 0.1421875
2 0.8078125 0.86875 0.04765625 0.13203125
3 0.76796875 0.9109375 0.1984375 0.17734375
1 0.44765625 0.690625 0.06171875 0.13828125
1 0.6484375 0.6984375 0.0890625 0.14765625
1 0.60078125 0.61796875 0.0671875 0.11015625
1 0.53046875 0.64921875 0.07578125 0.11640625
1 0.503125 0.57890625 0.0453125 0.08359375
1 0.54296875 0.5453125 0.053125 0.096875
1 0.4734375 0.5265625 0.0453125 0.07421875
1 0.40390625 0.5125 0.04140625 0.0859375
2 0.44765625 0.5828125 0.02109375 0.07421875
2 0.721875 0.72109375 0.02734375 0.06640625
2 0.63984375 0.7703125 0.034375 0.1234375
2 0.609375 0.7140625 0.0203125 0.07578125
2 0.5890625 0.67578125 0.01953125 0.08125
2 0.5640625 0.63828125 0.0234375 0.096875
2 0.653125 0.628125 0.02265625 0.0609375
2 0.62890625 0.5984375 0.0171875 0.05703125
2 0.584375 0.540625 0.0125 0.040625
2 0.56796875 0.52734375 0.01875 0.06640625
2 0.50859375 0.53046875 0.01484375 0.053125
2 0.546875 0.4875 0.015625 0.04375
2 0.5265625 0.4875 0.0140625 0.03671875
2 0.5234375 0.4640625 0.01640625 0.04375
2 0.36796875 0.5203125 0.01484375 0.06875
2 0.35078125 0.53359375 0.0140625 0.0671875
2 0.353125 0.4875 0.01171875 0.0546875
2 0.346875 0.45859375 0.01484375 0.05390625
2 0.3578125 0.421875 0.01015625 0.04375
2 0.4 0.35234375 0.009375 0.0375
1 0.49140625 0.4765625 0.0484375 0.08671875
1 0.4359375 0.471875 0.03984375 0.059375
1 0.45625 0.4375 0.03828125 0.06328125
1 0.415625 0.4296875 0.034375 0.0640625
2 0.44609375 0.3953125 0.01015625 0.02734375
3 0.46171875 0.3828125 0.02890625 0.059375
2 0.3359375 0.32578125 0.00859375 0.0328125
2 0.34453125 0.31015625 0.0078125 0.03125
2 0.35859375 0.29765625 0.00625 0.02890625
2 0.375 0.30078125 0.00859375 0.02734375
1 0.3421875 0.28046875 0.0171875 0.025