2 0.1453125 0.92734375 0.065625 0.1453125
2 0.25859375 0.93359375 0.0578125 0.1328125
2 0.28671875 0.82890625 0.053125 0.09921875
2 0.4265625 0.828125 0.04921875 0.13984375
2 0.38828125 0.7140625 0.04375 0.1125
2 0.41484375 0.76484375 0.04765625 0.13046875
2 0.471875 0.65546875 0.03671875 0.103125
2 0.6109375 0.7109375 0.025 0.12265625
2 0.58984375 0.61328125 0.0296875 0.09921875
2 0.54375 0.61328125 0.02890625 0.0953125
2 0.54140625 0.54765625 0.03828125 0.0828125
2 0.6234375 0.55234375 0.02734375 0.0859375
2 0.6203125 0.50625 0.0203125 0.07890625
2 0.665625 0.43828125 0.0125 0.06484375
2 0.69375 0.409375 0.021875 0.07109375
2 0.71875 0.42109375 0.01328125 0.0484375
1 0.609375 0.44375 0.0484375 0.10859375
1 0.54453125 0.3328125 0.0625 0.05625
1 0.6734375 0.371875 0.0546875 0.0796875