2 0.47265625 0.93125 0.08125 0.1375
2 0.21484375 0.8625 0.07265625 0.1375
2 0.140625 0.753125 0.04921875 0.10703125
2 0.0421875 0.7484375 0.04921875 0.1046875
2 0.04140625 0.6140625 0.04453125 0.08515625
2 0.12578125 0.6109375 0.053125 0.08359375
2 0.271875 0.58359375 0.05703125 0.07890625
2 0.54296875 0.565625 0.040625 0.08828125
2 0.61484375 0.54140625 0.040625 0.08125
2 0.5609375 0.52109375 0.025 0.0828125
2 0.58984375 0.52578125 0.02421875 0.07734375
2 0.61953125 0.48359375 0.02265625 0.0703125
1 0.628125 0.4390625 0.0640625 0.1
2 0.66484375 0.440625 0.01640625 0.075
2 0.68828125 0.39296875 0.01640625 0.06796875
2 0.70703125 0.38671875 0.01640625 0.0671875
1 0.67421875 0.37265625 0.05703125 0.08671875