1 0.04140625 0.9109375 0.0828125 0.153125
1 0.75625 0.94140625 0.1203125 0.1171875
2 0.6078125 0.75390625 0.0359375 0.13203125
2 0.6015625 0.50625 0.0296875 0.07734375
2 0.578125 0.45390625 0.02265625 0.078125
2 0.44609375 0.50234375 0.02578125 0.071875
2 0.53671875 0.3796875 0.02265625 0.0546875
2 0.6140625 0.4765625 0.0265625 0.06015625
2 0.603125 0.42890625 0.01796875 0.065625
2 0.6921875 0.409375 0.01875 0.06640625
1 0.64140625 0.4296875 0.0640625 0.09609375
0 0.609375 0.33515625 0.09609375 0.1375