2 0.48125 0.765625 0.0984375 0.24375
2 0.2625 0.61015625 0.04921875 0.1609375
2 0.2484375 0.46484375 0.02421875 0.08828125
2 0.165625 0.4140625 0.01640625 0.0671875
2 0.13671875 0.38984375 0.0125 0.04296875
2 0.27578125 0.396875 0.01796875 0.06328125
2 0.2953125 0.371875 0.02109375 0.0578125
2 0.34375 0.40234375 0.0234375 0.0609375
1 0.384375 0.5546875 0.159375 0.178125
1 0.46015625 0.48203125 0.11875 0.13671875
1 0.48515625 0.4421875 0.1125 0.109375
1 0.6796875 0.5671875 0.17109375 0.178125
2 0.80390625 0.4890625 0.05390625 0.12265625
1 0.13828125 0.45390625 0.0515625 0.0859375