1 0.94375 0.440625 0.0984375 0.11953125
1 0.96484375 0.58046875 0.06953125 0.17734375
2 0.89140625 0.54296875 0.071875 0.10625
1 0.5375 0.43671875 0.10703125 0.09453125
2 0.6671875 0.4875 0.06640625 0.1171875
2 0.64765625 0.3515625 0.025 0.025
2 0.74765625 0.53125 0.0546875 0.1375
2 0.803125 0.4875 0.04375 0.1171875
2 0.4640625 0.4 0.03359375 0.06171875
1 0.41171875 0.41484375 0.0734375 0.08359375
2 0.375 0.42890625 0.02578125 0.07421875
2 0.33203125 0.38515625 0.01640625 0.06328125
2 0.29140625 0.3828125 0.01640625 0.05546875
2 0.265625 0.3734375 0.015625 0.05234375
2 0.36171875 0.38359375 0.01328125 0.06015625
1 0.2140625 0.36328125 0.0359375 0.05703125