0 0.56015625 0.4609375 0.29375 0.29140625
2 0.334375 0.715625 0.078125 0.20703125
1 0.94453125 0.4421875 0.0984375 0.12734375
1 0.3859375 0.4546875 0.07421875 0.1015625
2 0.19609375 0.54609375 0.03046875 0.140625
2 0.2453125 0.546875 0.034375 0.1265625
2 0.4609375 0.62578125 0.07734375 0.19296875
2 0.6609375 0.80390625 0.140625 0.26875
2 0.94921875 0.878125 0.1015625 0.240625
2 0.75234375 0.57734375 0.06796875 0.1546875
2 0.13828125 0.49921875 0.0328125 0.09375
2 0.18203125 0.46015625 0.02421875 0.09296875
2 0.15703125 0.41328125 0.01484375 0.06171875
3 0.30546875 0.39609375 0.0828125 0.15234375
1 0.25078125 0.39609375 0.05390625 0.06875
1 0.225 0.3859375 0.046875 0.0796875
1 0.73984375 0.47890625 0.1234375 0.12734375
2 0.80390625 0.5390625 0.06171875 0.140625