1 0.465625 0.4703125 0.128125 0.1390625
1 0.30390625 0.415625 0.06875 0.06953125
3 0.2296875 0.38515625 0.06015625 0.065625
1 0.5984375 0.44453125 0.1171875 0.11640625
2 0.721875 0.50859375 0.0625 0.125
2 0.58984375 0.47578125 0.06328125 0.12265625
2 0.79921875 0.54609375 0.07265625 0.15234375
2 0.88515625 0.59921875 0.0890625 0.1828125
2 0.95703125 0.565625 0.0484375 0.12890625
2 0.98125 0.59375 0.0375 0.13203125
2 0.39140625 0.4328125 0.02890625 0.0828125
2 0.3640625 0.3875 0.0203125 0.06015625