1 0.946875 0.44453125 0.09609375 0.12734375
0 0.4671875 0.41875 0.21796875 0.2484375
1 0.32734375 0.425 0.07734375 0.09296875
1 0.6265625 0.45 0.1015625 0.10625
1 0.25625 0.37265625 0.04765625 0.06171875
2 0.27265625 0.41328125 0.0234375 0.078125
2 0.57890625 0.5484375 0.0546875 0.14921875
2 0.653125 0.5828125 0.071875 0.16953125
2 0.68671875 0.56953125 0.0671875 0.1640625
2 0.640625 0.48203125 0.04296875 0.1078125
2 0.58515625 0.4609375 0.03671875 0.10234375
2 0.80234375 0.55234375 0.0625 0.13828125