1 0.50234375 0.42265625 0.10625 0.11484375
1 0.675 0.53046875 0.1859375 0.2046875
1 0.9484375 0.4453125 0.09921875 0.1265625
2 0.64765625 0.759375 0.13125 0.25390625
2 0.19453125 0.5046875 0.02265625 0.11015625
2 0.16953125 0.475 0.0234375 0.0859375
2 0.3203125 0.42578125 0.0234375 0.078125
2 0.4328125 0.43203125 0.0328125 0.09609375
2 0.40390625 0.3921875 0.02265625 0.0609375
2 0.35625 0.3796875 0.021875 0.0578125
2 0.328125 0.384375 0.02265625 0.06640625
2 0.30546875 0.37109375 0.0140625 0.05234375
2 0.28359375 0.3671875 0.0140625 0.0484375
2 0.26640625 0.36015625 0.0125 0.04140625
2 0.2484375 0.3625 0.01640625 0.05390625
1 0.14453125 0.3609375 0.0296875 0.0421875
1 0.69609375 0.4828125 0.13046875 0.11875
2 0.7765625 0.5359375 0.05546875 0.13671875