1 0.48515625 0.62109375 0.196875 0.19296875
1 0.1890625 0.47890625 0.07578125 0.1078125
1 0.14609375 0.41171875 0.04453125 0.05390625
1 0.64140625 0.52890625 0.18203125 0.16796875
1 0.43359375 0.4578125 0.125 0.1234375
2 0.6828125 0.5890625 0.0859375 0.1796875
2 0.73046875 0.53203125 0.05546875 0.14140625
2 0.75546875 0.52109375 0.05859375 0.1484375
2 0.50390625 0.4890625 0.03671875 0.09140625
2 0.2984375 0.42734375 0.021875 0.0859375
2 0.27734375 0.41875 0.01875 0.075
1 0.2484375 0.39375 0.0578125 0.0609375
1 0.3140625 0.4046875 0.06953125 0.08125
1 0.2078125 0.38125 0.0390625 0.0546875