1 0.68046875 0.56953125 0.18359375 0.17421875
1 0.271875 0.50390625 0.1046875 0.11484375
1 0.45703125 0.48203125 0.1296875 0.1421875
1 0.915625 0.87421875 0.16875 0.2515625
1 0.9484375 0.44765625 0.0984375 0.134375
1 0.48359375 0.428125 0.09921875 0.07265625
2 0.94453125 0.54921875 0.059375 0.1390625
2 0.2484375 0.56875 0.0421875 0.14453125
2 0.13046875 0.4828125 0.02109375 0.08515625
1 0.2515625 0.3703125 0.04453125 0.04765625
1 0.1375 0.40625 0.04296875 0.06484375
2 0.3390625 0.446875 0.0296875 0.1
2 0.378125 0.4515625 0.034375 0.09609375
2 0.534375 0.52109375 0.05625 0.13671875