1 0.68125 0.57578125 0.17890625 0.18828125
1 0.94765625 0.44453125 0.09765625 0.128125
1 0.4609375 0.4828125 0.13125 0.1421875
1 0.2640625 0.39765625 0.0484375 0.0640625
1 0.43984375 0.37578125 0.08203125 0.0453125
1 0.48046875 0.43984375 0.11640625 0.09375
2 0.5328125 0.52421875 0.053125 0.13984375
2 0.37421875 0.4515625 0.03125 0.08984375
2 0.33828125 0.4375 0.02421875 0.07734375
2 0.29140625 0.40703125 0.01953125 0.06953125
2 0.84375 0.521875 0.0625 0.109375
2 0.778125 0.5421875 0.0671875 0.1375
2 0.53515625 0.4359375 0.02734375 0.07109375
1 0.23359375 0.38125 0.0375 0.05546875