1 0.91484375 0.54609375 0.1703125 0.1796875
1 0.26015625 0.3984375 0.05390625 0.0578125
1 0.540625 0.44140625 0.1203125 0.0875
1 0.93046875 0.440625 0.125 0.1234375
1 0.3265625 0.41796875 0.078125 0.08984375
2 0.40859375 0.48046875 0.03125 0.10859375
2 0.453125 0.50625 0.0453125 0.12578125
2 0.53515625 0.51953125 0.05859375 0.15703125
2 0.6015625 0.5546875 0.0609375 0.1640625
2 0.6421875 0.55703125 0.05078125 0.16171875
2 0.6625 0.53359375 0.05390625 0.14296875
2 0.715625 0.60625 0.0734375 0.16484375
2 0.7484375 0.571875 0.065625 0.16171875
2 0.80078125 0.540625 0.05546875 0.153125
1 0.29296875 0.35703125 0.04609375 0.0421875
1 0.47578125 0.40234375 0.06796875 0.05
3 0.22109375 0.3859375 0.05 0.0671875