1 0.803125 0.809375 0.35546875 0.2921875
1 0.459375 0.46015625 0.12890625 0.1484375
1 0.1359375 0.41875 0.0359375 0.05703125
1 0.94453125 0.44765625 0.0953125 0.134375
1 0.63515625 0.53359375 0.18671875 0.14765625
1 0.17734375 0.46171875 0.0796875 0.0984375
1 0.43203125 0.37734375 0.06640625 0.040625
2 0.6453125 0.57109375 0.07890625 0.16796875
1 0.365625 0.4359375 0.06953125 0.0921875
1 0.62734375 0.43671875 0.08046875 0.075
2 0.2390625 0.45078125 0.02578125 0.0859375
2 0.94375 0.53359375 0.0640625 0.1234375
2 0.21953125 0.56171875 0.0359375 0.1453125
2 0.1625 0.51171875 0.034375 0.1125
1 0.31015625 0.3984375 0.065625 0.07265625
2 0.375 0.47109375 0.03046875 0.11953125
2 0.7515625 0.53515625 0.0578125 0.12109375
2 0.7921875 0.52578125 0.04453125 0.12734375