1 0.94609375 0.44375 0.09609375 0.125
3 0.7859375 0.571875 0.2046875 0.20390625
2 0.890625 0.56640625 0.05078125 0.153125
2 0.91328125 0.5578125 0.0515625 0.16484375
2 0.97890625 0.55546875 0.0421875 0.14296875
2 0.6953125 0.59921875 0.0859375 0.17265625
2 0.5484375 0.52578125 0.05546875 0.13046875
2 0.6015625 0.47734375 0.046875 0.10859375
2 0.64921875 0.4953125 0.0578125 0.11171875
1 0.50703125 0.4828125 0.14296875 0.14765625
2 0.421875 0.434375 0.02734375 0.090625
2 0.3890625 0.41875 0.0265625 0.08359375
2 0.35859375 0.40859375 0.02265625 0.0875
1 0.2984375 0.4109375 0.059375 0.07890625
1 0.24921875 0.38671875 0.053125 0.06875
1 0.2 0.37890625 0.046875 0.065625
1 0.296875 0.36015625 0.05078125 0.04609375