0 0.52734375 0.44453125 0.25625 0.26796875
1 0.946875 0.44375 0.0921875 0.12421875
1 0.27890625 0.35703125 0.046875 0.03359375
2 0.82265625 0.63828125 0.09296875 0.18984375
2 0.88984375 0.58984375 0.075 0.1671875
2 0.9484375 0.58203125 0.06328125 0.1625
2 0.9859375 0.5453125 0.028125 0.13046875
2 0.79453125 0.51796875 0.0609375 0.1171875
2 0.8265625 0.54765625 0.0578125 0.1265625
2 0.6765625 0.503125 0.065625 0.13203125
2 0.2734375 0.4171875 0.02109375 0.0765625
2 0.3828125 0.42734375 0.028125 0.08203125
1 0.32890625 0.4265625 0.084375 0.09609375
1 0.25859375 0.3625 0.046875 0.03671875