1 0.51328125 0.6546875 0.23984375 0.24921875
0 0.159375 0.38984375 0.06796875 0.12265625
1 0.94453125 0.4421875 0.0953125 0.125
1 0.67578125 0.45390625 0.1265625 0.0984375
1 0.58671875 0.52265625 0.1515625 0.1609375
2 0.43046875 0.7671875 0.0953125 0.2578125
3 0.45703125 0.459375 0.13125 0.14921875
2 0.90859375 0.53046875 0.0625 0.14375
2 0.253125 0.62421875 0.0484375 0.18671875
2 0.678125 0.575 0.08046875 0.16171875
2 0.73671875 0.57265625 0.06875 0.1703125
2 0.8234375 0.5328125 0.06171875 0.14140625
1 0.3625 0.4296875 0.0859375 0.1
1 0.4 0.39375 0.0546875 0.06484375
2 0.2796875 0.38671875 0.01953125 0.0625
2 0.24140625 0.359375 0.0140625 0.05390625