1 0.37265625 0.55859375 0.14921875 0.16875
1 0.68203125 0.57734375 0.1859375 0.18984375
1 0.765625 0.82578125 0.4375 0.3484375
1 0.946875 0.44375 0.09609375 0.1265625
1 0.45703125 0.48046875 0.13984375 0.14921875
1 0.8109375 0.51484375 0.14375 0.13203125
2 0.3125 0.6375 0.0484375 0.178125
1 0.46796875 0.4140625 0.13203125 0.10546875
2 0.13046875 0.459375 0.02734375 0.0765625
2 0.534375 0.521875 0.053125 0.12578125
2 0.1578125 0.39609375 0.01640625 0.05546875
2 0.28671875 0.38671875 0.01875 0.05859375
2 0.321875 0.3765625 0.02109375 0.0578125
2 0.378125 0.44296875 0.03125 0.07265625
2 0.7921875 0.54453125 0.05 0.1484375