1 0.94453125 0.44375 0.09296875 0.1234375
2 0.98515625 0.57109375 0.0296875 0.1265625
2 0.96875 0.5421875 0.0421875 0.096875
2 0.65546875 0.58125 0.07109375 0.1578125
2 0.578125 0.54609375 0.059375 0.1515625
2 0.58671875 0.45859375 0.0328125 0.09765625
2 0.6875 0.56875 0.0640625 0.15546875
0 0.46796875 0.42265625 0.20859375 0.24453125
1 0.32578125 0.425 0.0796875 0.0875
2 0.27265625 0.41484375 0.02109375 0.0734375
2 0.25234375 0.40390625 0.015625 0.06796875
1 0.20546875 0.37890625 0.04140625 0.053125
1 0.2546875 0.3640625 0.0453125 0.05