1 0.94609375 0.4453125 0.1 0.12890625
1 0.671875 0.52578125 0.18203125 0.1828125
1 0.4453125 0.45546875 0.13046875 0.14609375
1 0.73515625 0.7671875 0.28046875 0.3046875
2 0.29453125 0.63203125 0.05546875 0.16796875
2 0.13125 0.46328125 0.0203125 0.09296875
1 0.34765625 0.421875 0.07890625 0.08515625
1 0.43984375 0.40859375 0.09140625 0.08984375
2 0.57109375 0.475 0.04140625 0.0984375
2 0.6625 0.575 0.0671875 0.125
2 0.80625 0.525 0.053125 0.1296875
2 0.76875 0.5328125 0.046875 0.13125
2 0.2765625 0.371875 0.0125 0.0578125
2 0.2984375 0.3828125 0.015625 0.0609375