1 0.321875 0.54140625 0.13046875 0.1546875
1 0.84140625 0.82421875 0.3171875 0.33046875
2 0.54453125 0.8890625 0.11875 0.221875
2 0.18671875 0.51796875 0.034375 0.115625
2 0.2140625 0.44921875 0.0203125 0.08828125
2 0.1796875 0.4453125 0.02578125 0.071875
2 0.125 0.45234375 0.01875 0.0734375
2 0.58125 0.5484375 0.0546875 0.13984375
2 0.6546875 0.58515625 0.0734375 0.16328125
2 0.6171875 0.48125 0.0375 0.115625
2 0.58671875 0.4609375 0.028125 0.1
0 0.46796875 0.42265625 0.215625 0.23984375
1 0.3265625 0.42265625 0.0765625 0.09375
1 0.28515625 0.40234375 0.05 0.0578125
1 0.29140625 0.36953125 0.04765625 0.0453125
1 0.23125 0.365625 0.03828125 0.046875