1 0.54140625 0.4453125 0.11875 0.09140625
1 0.94765625 0.44453125 0.1015625 0.1265625
2 0.9171875 0.5375 0.065625 0.1296875
1 0.25703125 0.39609375 0.04296875 0.0609375
2 0.68671875 0.59609375 0.078125 0.16796875
2 0.73359375 0.56796875 0.059375 0.1421875
2 0.7890625 0.53984375 0.0578125 0.146875
2 0.81953125 0.496875 0.05078125 0.125
2 0.60234375 0.55546875 0.06015625 0.14296875
2 0.53125 0.521875 0.059375 0.14296875
2 0.45859375 0.5015625 0.04921875 0.11640625
2 0.46484375 0.4671875 0.10234375 0.11640625
1 0.328125 0.415625 0.0796875 0.0875
2 0.284375 0.421875 0.0265625 0.07421875
3 0.21796875 0.3828125 0.05 0.06796875
1 0.171875 0.35390625 0.02890625 0.0359375