1 0.48203125 0.60625 0.19609375 0.21171875
1 0.21328125 0.45546875 0.075 0.10234375
1 0.92734375 0.559375 0.1453125 0.178125
1 0.77890625 0.80546875 0.4078125 0.3890625
1 0.6046875 0.4578125 0.1140625 0.12734375
1 0.9453125 0.44375 0.09609375 0.125
2 0.27421875 0.63828125 0.05859375 0.1640625
2 0.66875 0.515625 0.05234375 0.1359375
2 0.73125 0.5625 0.07890625 0.153125
2 0.7953125 0.53125 0.0546875 0.14375
2 0.51171875 0.41796875 0.03046875 0.09296875
1 0.303125 0.3765625 0.04921875 0.05546875
1 0.12421875 0.3890625 0.0296875 0.05859375