1 0.94765625 0.4453125 0.09765625 0.1265625
1 0.246875 0.3890625 0.04375 0.0609375
2 0.91484375 0.55859375 0.07109375 0.15703125
2 0.82734375 0.5296875 0.0578125 0.13984375
2 0.67265625 0.5703125 0.0828125 0.1671875
2 0.7359375 0.56953125 0.07578125 0.16171875
2 0.58046875 0.54453125 0.06484375 0.14140625
2 0.5046875 0.5234375 0.0484375 0.12890625
2 0.46328125 0.49609375 0.03828125 0.11796875
2 0.42421875 0.4765625 0.03359375 0.11484375
2 0.38359375 0.4640625 0.03125 0.10546875
1 0.59921875 0.52109375 0.1421875 0.15546875
1 0.725 0.47109375 0.13984375 0.103125
3 0.4546875 0.45234375 0.13125 0.125
1 0.36328125 0.42890625 0.084375 0.1046875
1 0.29375 0.409375 0.06015625 0.0796875
1 0.3171875 0.3625 0.0625 0.046875
1 0.20390625 0.384375 0.04296875 0.0703125