1 0.94140625 0.446875 0.10546875 0.13046875
1 0.8609375 0.5203125 0.13203125 0.1765625
2 0.2734375 0.5109375 0.03203125 0.11015625
2 0.39921875 0.684375 0.07890625 0.20625
1 0.33515625 0.38671875 0.0421875 0.06640625
0 0.54296875 0.42578125 0.396875 0.3375
1 0.19453125 0.37265625 0.0375 0.04453125
2 0.27109375 0.38359375 0.01875 0.06015625
2 0.58671875 0.565625 0.06015625 0.16171875
2 0.6859375 0.57890625 0.07578125 0.1546875
2 0.7515625 0.61484375 0.071875 0.18671875
2 0.8078125 0.5609375 0.04921875 0.15
2 0.83046875 0.54140625 0.04375 0.1296875