1 0.7859375 0.5484375 0.18671875 0.18359375
1 0.5609375 0.43203125 0.17109375 0.15859375
1 0.946875 0.44453125 0.09453125 0.12578125
1 0.515625 0.46328125 0.128125 0.1390625
1 0.3953125 0.45625 0.09921875 0.11875
2 0.96640625 0.58203125 0.0578125 0.1296875
2 0.409375 0.38125 0.02265625 0.05078125
2 0.2953125 0.40546875 0.02421875 0.07421875
1 0.29609375 0.38203125 0.05546875 0.05703125
2 0.26328125 0.36875 0.01328125 0.05078125
2 0.24296875 0.3765625 0.0171875 0.053125
2 0.20625 0.3625 0.01328125 0.053125
2 0.18359375 0.3703125 0.0109375 0.04296875