1 0.94765625 0.44609375 0.096875 0.12890625
1 0.4640625 0.4640625 0.128125 0.1390625
1 0.63828125 0.53984375 0.178125 0.15859375
1 0.271875 0.3734375 0.04140625 0.05
2 0.8 0.5296875 0.04453125 0.134375
2 0.75390625 0.5328125 0.046875 0.13359375
2 0.9203125 0.53203125 0.05859375 0.13515625
1 0.31640625 0.39453125 0.0578125 0.07578125
2 0.64375 0.5734375 0.06875 0.175
2 0.56171875 0.54140625 0.05703125 0.13671875
2 0.4921875 0.5171875 0.053125 0.128125
2 0.44296875 0.49296875 0.03984375 0.12578125
2 0.39140625 0.46953125 0.0328125 0.0859375
2 0.3625 0.4515625 0.02890625 0.09375
2 0.27265625 0.41328125 0.0234375 0.07734375
2 0.29453125 0.428125 0.01484375 0.07109375
1 0.2296875 0.36640625 0.046875 0.0546875