1 0.3140625 0.5140625 0.13359375 0.1578125
1 0.44609375 0.4609375 0.13125 0.134375
1 0.690625 0.78828125 0.29765625 0.296875
1 0.1921875 0.43515625 0.05859375 0.07578125
1 0.94765625 0.44453125 0.096875 0.12734375
1 0.671875 0.525 0.18046875 0.18828125
1 0.49765625 0.41015625 0.1015625 0.071875
2 0.81875 0.71015625 0.08515625 0.209375
1 0.6921875 0.45859375 0.121875 0.08203125
2 0.6609375 0.57578125 0.07109375 0.1359375
2 0.80546875 0.52421875 0.04765625 0.13125
2 0.76953125 0.5375 0.053125 0.134375
1 0.3515625 0.42265625 0.0765625 0.0921875
1 0.29453125 0.39921875 0.06484375 0.07265625
1 0.240625 0.39140625 0.04609375 0.06953125