3 0.45859375 0.45625 0.134375 0.13515625
2 0.5359375 0.79140625 0.1109375 0.24609375
1 0.946875 0.44453125 0.09765625 0.12734375
1 0.1359375 0.39921875 0.03046875 0.053125
1 0.596875 0.5140625 0.13046875 0.1390625
1 0.36484375 0.43046875 0.08515625 0.09609375
1 0.334375 0.37265625 0.05234375 0.046875
1 0.25703125 0.3703125 0.05078125 0.05390625
2 0.29609375 0.36953125 0.0171875 0.05078125
2 0.12734375 0.46875 0.02265625 0.0875
2 0.671875 0.56875 0.06953125 0.16171875
2 0.740625 0.5703125 0.0671875 0.15234375
2 0.82578125 0.534375 0.05859375 0.13671875
2 0.76328125 0.55078125 0.05625 0.14375
2 0.58046875 0.5421875 0.05859375 0.15234375
1 0.503125 0.41328125 0.08828125 0.090625