2 0.690625 0.8703125 0.134375 0.25078125
2 0.37734375 0.66328125 0.0625 0.209375
2 0.41328125 0.6078125 0.05625 0.1796875
2 0.26328125 0.62109375 0.05625 0.16328125
2 0.15078125 0.44375 0.01640625 0.07578125
2 0.11796875 0.4625 0.01640625 0.0765625
2 0.68203125 0.5875 0.078125 0.178125
2 0.50390625 0.515625 0.05078125 0.14375
2 0.75625 0.5203125 0.059375 0.1375
2 0.73125 0.53359375 0.06015625 0.14453125
1 0.9078125 0.5296875 0.1671875 0.17890625
1 0.6390625 0.534375 0.18515625 0.18125
1 0.434375 0.46015625 0.11953125 0.12421875
1 0.309375 0.41015625 0.08359375 0.0859375
1 0.16171875 0.4015625 0.046875 0.0640625
1 0.2484375 0.39296875 0.0578125 0.059375
2 0.29921875 0.41640625 0.0234375 0.09609375