1 0.42734375 0.80859375 0.31328125 0.33671875
1 0.6140625 0.53515625 0.19375 0.1890625
3 0.471875 0.4078125 0.09765625 0.09140625
1 0.94765625 0.44609375 0.096875 0.1296875
2 0.91015625 0.60234375 0.0734375 0.15859375
2 0.77734375 0.53515625 0.0640625 0.1484375
2 0.8140625 0.51328125 0.05234375 0.128125
2 0.8421875 0.496875 0.0578125 0.1296875
2 0.69296875 0.46953125 0.05 0.11015625
1 0.5703125 0.46171875 0.12109375 0.10234375
2 0.4578125 0.45546875 0.0375 0.1046875
2 0.4109375 0.39375 0.025 0.0640625
1 0.2984375 0.3796875 0.0515625 0.06484375
1 0.2578125 0.36015625 0.0390625 0.05625