1 0.94765625 0.4453125 0.09765625 0.12890625
1 0.46171875 0.4671875 0.13203125 0.15
1 0.64375 0.5390625 0.165625 0.14765625
1 0.315625 0.4046875 0.0578125 0.08515625
2 0.6484375 0.58203125 0.078125 0.16953125
2 0.5640625 0.54375 0.05703125 0.1375
2 0.49453125 0.51484375 0.0453125 0.13125
2 0.4359375 0.49296875 0.03671875 0.11484375
2 0.38203125 0.46328125 0.02578125 0.08984375
2 0.35859375 0.4484375 0.03515625 0.09765625
2 0.28125 0.41796875 0.02421875 0.08359375
2 0.7984375 0.52890625 0.06171875 0.1453125
2 0.753125 0.53203125 0.06328125 0.1390625
1 0.23515625 0.37109375 0.040625 0.059375