2 0.603125 0.55078125 0.0640625 0.15390625
1 0.83984375 0.6171875 0.23125 0.20546875
1 0.94140625 0.44453125 0.09921875 0.12421875
1 0.278125 0.36640625 0.03671875 0.034375
2 0.484375 0.51328125 0.0609375 0.1125
2 0.73515625 0.61328125 0.0859375 0.1578125
2 0.61640625 0.52265625 0.0421875 0.1421875
2 0.946875 0.55078125 0.0609375 0.11796875
2 0.69609375 0.515625 0.05234375 0.146875
2 0.915625 0.57265625 0.05078125 0.11015625
1 0.475 0.46328125 0.14921875 0.1140625
1 0.43203125 0.38359375 0.08125 0.06015625
1 0.321875 0.38515625 0.0421875 0.04453125