1 0.68125 0.57578125 0.18046875 0.1875
1 0.946875 0.4453125 0.09609375 0.128125
1 0.4703125 0.41015625 0.1109375 0.090625
1 0.45859375 0.47421875 0.13203125 0.15703125
2 0.78046875 0.54765625 0.065625 0.140625
2 0.80234375 0.48984375 0.05390625 0.13046875
2 0.590625 0.503125 0.0453125 0.1125
2 0.378125 0.45546875 0.03359375 0.09140625
2 0.33984375 0.43984375 0.03046875 0.08828125
2 0.28984375 0.4125 0.0171875 0.06796875
2 0.2359375 0.39453125 0.01640625 0.0546875
1 0.28828125 0.365625 0.0453125 0.05703125
1 0.24140625 0.36015625 0.03671875 0.0390625
1 0.20234375 0.37421875 0.03671875 0.05078125