1 0.28359375 0.36953125 0.0515625 0.0578125
1 0.82265625 0.828125 0.3359375 0.31640625
3 0.45703125 0.4578125 0.1296875 0.13671875
1 0.94765625 0.44453125 0.096875 0.12890625
1 0.15234375 0.4734375 0.07578125 0.11015625
1 0.26953125 0.47109375 0.09375 0.0984375
2 0.25625 0.51796875 0.034375 0.13203125
2 0.4734375 0.69296875 0.07421875 0.2109375
2 0.18828125 0.58671875 0.03984375 0.1546875
2 0.5765625 0.55078125 0.0578125 0.15703125
2 0.678125 0.575 0.07890625 0.15859375
2 0.7359375 0.56953125 0.06953125 0.16640625
2 0.8953125 0.5375 0.06953125 0.128125
2 0.8265625 0.53125 0.05390625 0.1421875
1 0.5984375 0.5234375 0.1484375 0.16015625
1 0.36015625 0.4265625 0.07890625 0.109375
3 0.18671875 0.42578125 0.059375 0.08984375