1 0.946875 0.4453125 0.1 0.1296875
1 0.271875 0.39609375 0.05234375 0.07109375
1 0.3359375 0.4125 0.04609375 0.06875
2 0.18359375 0.503125 0.03125 0.10078125
2 0.84921875 0.87109375 0.1359375 0.2546875
2 0.35859375 0.62109375 0.0609375 0.1578125
2 0.24921875 0.50546875 0.0296875 0.11015625
2 0.15703125 0.43984375 0.01484375 0.06796875
2 0.75234375 0.62421875 0.08671875 0.18125
2 0.65234375 0.58828125 0.06875 0.15078125
2 0.5671875 0.54609375 0.0578125 0.15078125
2 0.49921875 0.51328125 0.0390625 0.13984375
2 0.43828125 0.49140625 0.0359375 0.1203125
2 0.3 0.4296875 0.02421875 0.08125
0 0.5359375 0.42421875 0.36328125 0.30703125
2 0.82578125 0.56640625 0.0515625 0.153125
2 0.80234375 0.603125 0.06015625 0.16875