2 0.07890625 0.53984375 0.04609375 0.0859375
1 0.253125 0.61875 0.121875 0.134375
1 0.41953125 0.45078125 0.08828125 0.1046875
2 0.32734375 0.478125 0.0375 0.0703125
2 0.53046875 0.30859375 0.02421875 0.0578125
2 0.5734375 0.284375 0.01875 0.05703125
1 0.60703125 0.3828125 0.0421875 0.08515625
1 0.63984375 0.3125 0.0515625 0.05859375
1 0.69296875 0.265625 0.0421875 0.05859375
2 0.6203125 0.41328125 0.0140625 0.05859375
2 0.68203125 0.3390625 0.0171875 0.06484375
2 0.69609375 0.30703125 0.0171875 0.053125