2 0.14453125 0.93125 0.11015625 0.13671875
2 0.29609375 0.86953125 0.09921875 0.234375
2 0.42265625 0.74921875 0.09296875 0.18203125
2 0.47890625 0.7765625 0.06640625 0.14921875
2 0.58359375 0.7421875 0.0625 0.19921875
2 0.6359375 0.61328125 0.04765625 0.16640625
2 0.70625 0.49375 0.03359375 0.1109375
2 0.7359375 0.44765625 0.02890625 0.128125
2 0.12421875 0.3953125 0.06796875 0.12890625
2 0.29609375 0.73515625 0.075 0.1578125
2 0.515625 0.53046875 0.03984375 0.1078125
2 0.4875 0.4203125 0.03359375 0.11640625
2 0.528125 0.43671875 0.03671875 0.09765625
2 0.8171875 0.2671875 0.02109375 0.08046875
2 0.6921875 0.425 0.02421875 0.09453125
2 0.56484375 0.6453125 0.0453125 0.16484375
1 0.265625 0.63359375 0.225 0.27421875
1 0.59375 0.37421875 0.10625 0.1328125
1 0.61640625 0.47265625 0.12578125 0.16484375
1 0.6859375 0.3296875 0.08046875 0.09921875
1 0.76328125 0.25859375 0.0546875 0.078125
1 0.72109375 0.29453125 0.05390625 0.0703125
1 0.8109375 0.20546875 0.04609375 0.05703125