2 0.31328125 0.6375 0.075 0.16875
2 0.36015625 0.6515625 0.0734375 0.175
2 0.43203125 0.7109375 0.07421875 0.1921875
2 0.49453125 0.740625 0.06171875 0.21796875
2 0.5421875 0.6515625 0.05078125 0.146875
2 0.54765625 0.78046875 0.0484375 0.20625
2 0.6234375 0.81171875 0.06015625 0.1921875
2 0.61015625 0.6828125 0.059375 0.190625
2 0.59609375 0.61484375 0.04375 0.134375
2 0.634375 0.54609375 0.040625 0.125
1 0.41953125 0.51953125 0.14140625 0.17890625
1 0.515625 0.56953125 0.14921875 0.2015625
1 0.60390625 0.45703125 0.10078125 0.1546875
1 0.61796875 0.3484375 0.1 0.1171875
1 0.6828125 0.28984375 0.07109375 0.10703125
0 0.75625 0.234375 0.08125 0.1078125
0 0.7359375 0.43828125 0.0921875 0.2125
0 0.85078125 0.71796875 0.2984375 0.5640625
1 0.0484375 0.50390625 0.096875 0.1640625