2 0.52109375 0.728125 0.065625 0.2171875
2 0.45390625 0.728125 0.06171875 0.18359375
2 0.37109375 0.6765625 0.0640625 0.1609375
2 0.41953125 0.68671875 0.065625 0.18125
2 0.0421875 0.56953125 0.084375 0.1796875
2 0.1765625 0.4796875 0.0625 0.13515625
2 0.2015625 0.359375 0.0546875 0.1109375
1 0.4703125 0.49453125 0.15 0.16875
1 0.3078125 0.63046875 0.18203125 0.2171875
1 0.659375 0.41328125 0.096875 0.16875
1 0.703125 0.3015625 0.07578125 0.1109375
3 0.58203125 0.36953125 0.10078125 0.13125
3 0.7890625 0.215625 0.0484375 0.07734375
2 0.74921875 0.32890625 0.02734375 0.1015625
2 0.7625 0.2859375 0.0203125 0.0859375
2 0.84765625 0.24296875 0.0203125 0.0671875
0 0.40703125 0.29921875 0.2015625 0.21171875
2 0.84609375 0.2046875 0.01796875 0.0515625
1 0.62265625 0.20390625 0.0625 0.07109375