2 0.37734375 0.61953125 0.05546875 0.1484375
2 0.3984375 0.66796875 0.0609375 0.17109375
2 0.440625 0.72578125 0.0640625 0.17734375
2 0.496875 0.75859375 0.06015625 0.18046875
2 0.5484375 0.803125 0.0609375 0.1828125
2 0.60859375 0.734375 0.05078125 0.16328125
2 0.671875 0.76171875 0.05 0.175
2 0.62421875 0.85703125 0.046875 0.18671875
2 0.75625 0.50390625 0.0390625 0.128125
2 0.80234375 0.39921875 0.02734375 0.103125
2 0.73359375 0.4203125 0.02421875 0.1125
2 0.66484375 0.42734375 0.0296875 0.1078125
2 0.62578125 0.63359375 0.0421875 0.134375
2 0.57578125 0.634375 0.03828125 0.12109375
2 0.5328125 0.63515625 0.0421875 0.12109375
2 0.51484375 0.5359375 0.0375 0.13984375
2 0.4609375 0.55546875 0.046875 0.13125
1 0.4109375 0.50078125 0.1734375 0.1875
1 0.61484375 0.38828125 0.1 0.14765625
1 0.78046875 0.23359375 0.05625 0.084375
2 0.7078125 0.30625 0.0234375 0.075
2 0.6796875 0.309375 0.0234375 0.07890625
2 0.728125 0.346875 0.02265625 0.0953125
2 0.31328125 0.3046875 0.0421875 0.08515625
2 0.26171875 0.44140625 0.0546875 0.10703125
2 0.153125 0.40078125 0.06875 0.115625
2 0.81796875 0.25859375 0.01875 0.071875
2 0.84296875 0.24375 0.0203125 0.065625