2 0.24375 0.934375 0.06875 0.13125
2 0.2828125 0.821875 0.05859375 0.1265625
2 0.34453125 0.83984375 0.05625 0.1421875
2 0.3015625 0.58359375 0.05703125 0.109375
2 0.378125 0.44609375 0.03828125 0.0765625
2 0.43828125 0.6375 0.0453125 0.1203125
2 0.49921875 0.59921875 0.0296875 0.10859375
2 0.58359375 0.61875 0.03046875 0.1296875
2 0.49609375 0.55 0.03203125 0.09375
2 0.56640625 0.50078125 0.0296875 0.10078125
2 0.58125 0.45625 0.02421875 0.07890625
2 0.5171875 0.33046875 0.02109375 0.0546875
2 0.59609375 0.3515625 0.021875 0.06640625
2 0.6171875 0.4015625 0.01875 0.075
2 0.62109375 0.43984375 0.01015625 0.075
2 0.6921875 0.38046875 0.01953125 0.05
1 0.25390625 0.75625 0.16015625 0.21953125
1 0.55234375 0.42109375 0.08046875 0.11640625
1 0.6859375 0.3046875 0.05625 0.08203125
2 0.71484375 0.3453125 0.01640625 0.065625
2 0.67109375 0.21640625 0.015625 0.05078125