2 0.66328125 0.8828125 0.0484375 0.20546875
2 0.78203125 0.72890625 0.03671875 0.17421875
2 0.5625 0.81171875 0.05625 0.20234375
2 0.615625 0.6765625 0.053125 0.17265625
2 0.50546875 0.76640625 0.06171875 0.2171875
2 0.4046875 0.70546875 0.06640625 0.2078125
2 0.3078125 0.6359375 0.0703125 0.18046875
2 0.26953125 0.61015625 0.07109375 0.17578125
2 0.378125 0.63515625 0.06328125 0.15
2 0.471875 0.615625 0.06640625 0.14921875
2 0.590625 0.53046875 0.040625 0.11328125
2 0.63984375 0.49140625 0.040625 0.1125
2 0.5359375 0.5671875 0.05703125 0.13203125
2 0.56953125 0.621875 0.0484375 0.134375
1 0.446875 0.51015625 0.13984375 0.18359375
1 0.58125 0.38203125 0.1 0.10859375
1 0.68359375 0.31875 0.078125 0.1078125
1 0.76875 0.23515625 0.0578125 0.08046875
2 0.83984375 0.19921875 0.01484375 0.04921875
2 0.26796875 0.434375 0.0578125 0.10859375
2 0.365625 0.35625 0.04296875 0.084375
2 0.5625 0.2734375 0.02734375 0.06875