2 0.6734375 0.88125 0.05625 0.22109375
2 0.5703125 0.78359375 0.0703125 0.20078125
2 0.61796875 0.56953125 0.0359375 0.13828125
2 0.51640625 0.7296875 0.05625 0.20390625
2 0.45390625 0.725 0.06796875 0.1671875
2 0.3671875 0.67734375 0.06328125 0.16171875
1 0.31015625 0.6234375 0.18671875 0.21171875
1 0.56796875 0.521875 0.140625 0.20625
1 0.47109375 0.48984375 0.1484375 0.17578125
1 0.63984375 0.41953125 0.08203125 0.16875
3 0.584375 0.36640625 0.10390625 0.13984375
3 0.66015625 0.315625 0.078125 0.10078125
1 0.734375 0.28125 0.06875 0.0953125
1 0.8703125 0.32265625 0.08203125 0.11953125
2 0.7859375 0.2875 0.0203125 0.08515625
2 0.81953125 0.28125 0.0203125 0.08046875
2 0.171875 0.49296875 0.07109375 0.1453125
2 0.1046875 0.48203125 0.078125 0.1234375
2 0.1796875 0.39140625 0.05078125 0.09296875
2 0.2625 0.39609375 0.0484375 0.08359375
2 0.3328125 0.41484375 0.04765625 0.09921875
2 0.3703125 0.3 0.0390625 0.09296875
2 0.31796875 0.35859375 0.04609375 0.0875
2 0.35234375 0.4765625 0.05703125 0.09375