2 0.60859375 0.8546875 0.0609375 0.21484375
2 0.6546875 0.73515625 0.05859375 0.171875
2 0.6046875 0.7015625 0.053125 0.16875
2 0.56015625 0.834375 0.0484375 0.17890625
2 0.5125 0.80703125 0.06484375 0.17421875
2 0.53828125 0.66328125 0.059375 0.165625
2 0.36015625 0.6390625 0.0671875 0.17734375
1 0.44375 0.66796875 0.1828125 0.2921875
1 0.47109375 0.47265625 0.13828125 0.16015625
1 0.58203125 0.5078125 0.12578125 0.17890625
1 0.70625 0.296875 0.0703125 0.0875
1 0.8125 0.2390625 0.053125 0.0796875
1 0.57578125 0.25390625 0.08125 0.06953125
2 0.675 0.5234375 0.0265625 0.13515625
2 0.746875 0.4421875 0.03125 0.1109375
2 0.7609375 0.33203125 0.02421875 0.08984375