2 0.25546875 0.9328125 0.0734375 0.13359375
2 0.240625 0.840625 0.07109375 0.153125
2 0.33671875 0.79609375 0.053125 0.134375
2 0.39609375 0.7828125 0.05 0.1375
2 0.496875 0.62421875 0.0421875 0.11328125
2 0.13828125 0.62890625 0.06015625 0.1078125
2 0.17578125 0.64921875 0.065625 0.10703125
2 0.22578125 0.5859375 0.06015625 0.10625
2 0.2828125 0.62109375 0.05625 0.10703125
2 0.32578125 0.5421875 0.05078125 0.10390625
2 0.42734375 0.509375 0.03984375 0.090625
1 0.03984375 0.6359375 0.07890625 0.115625
1 0.021875 0.53359375 0.04375 0.103125
2 0.47265625 0.36640625 0.02265625 0.06796875
2 0.58671875 0.50078125 0.03359375 0.096875
1 0.553125 0.446875 0.07578125 0.1078125
1 0.5890625 0.29375 0.05859375 0.0625
1 0.62734375 0.3625 0.06484375 0.08984375
2 0.61171875 0.43828125 0.0265625 0.08515625
2 0.69140625 0.3734375 0.0171875 0.0703125
2 0.7109375 0.30703125 0.015625 0.059375
1 0.6828125 0.2859375 0.05625 0.07890625