1 0.753125 0.7 0.1046875 0.27734375
2 0.28515625 0.85234375 0.10234375 0.22265625
2 0.20859375 0.7515625 0.1109375 0.1875
2 0.21171875 0.6125 0.09140625 0.15
2 0.359375 0.54453125 0.05703125 0.140625
2 0.5078125 0.61640625 0.05546875 0.1515625
2 0.59296875 0.48984375 0.0390625 0.1421875
1 0.53984375 0.4578125 0.115625 0.1625
2 0.63125 0.42734375 0.0359375 0.11171875
2 0.715625 0.434375 0.0390625 0.1109375
2 0.7390625 0.37109375 0.02578125 0.0875
2 0.78671875 0.36875 0.028125 0.09453125
2 0.61796875 0.325 0.0328125 0.08359375
2 0.578125 0.34609375 0.02734375 0.075
2 0.5234375 0.38515625 0.03828125 0.08515625
1 0.66875 0.33515625 0.0921875 0.12109375
1 0.7203125 0.28125 0.05703125 0.08828125