1 0.11484375 0.87421875 0.2296875 0.2515625
1 0.1890625 0.59140625 0.14296875 0.1296875
1 0.434375 0.5484375 0.15 0.17421875
1 0.64765625 0.47421875 0.1 0.17109375
1 0.7046875 0.3046875 0.02421875 0.03515625
1 0.746875 0.30625 0.03125 0.04140625
2 0.73671875 0.4921875 0.02890625 0.1296875
2 0.7265625 0.45 0.02890625 0.1109375
2 0.63671875 0.3703125 0.01640625 0.06015625
2 0.65625 0.34921875 0.0140625 0.05859375
2 0.75390625 0.3421875 0.0125 0.05625
2 0.78125 0.33515625 0.01015625 0.0515625
2 0.77265625 0.3140625 0.0109375 0.04375
2 0.65859375 0.31484375 0.009375 0.03828125
2 0.6328125 0.340625 0.0109375 0.0359375
2 0.58828125 0.38359375 0.02109375 0.065625
2 0.5578125 0.38203125 0.02109375 0.06796875
2 0.534375 0.44453125 0.0296875 0.08359375
2 0.49765625 0.434375 0.02890625 0.084375