2 0.71953125 0.4125 0.0265625 0.10078125
2 0.76484375 0.36015625 0.02265625 0.078125
2 0.7671875 0.30546875 0.0265625 0.07421875
2 0.81171875 0.29375 0.01796875 0.0765625
2 0.74296875 0.28125 0.0203125 0.06796875
2 0.86640625 0.20546875 0.015625 0.05625
3 0.67421875 0.33984375 0.09140625 0.10703125
2 0.7046875 0.3734375 0.028125 0.0875
1 0.61328125 0.58515625 0.1296875 0.19140625
2 0.49765625 0.43515625 0.04375 0.11015625
1 0.36640625 0.55234375 0.17421875 0.21640625
2 0.3578125 0.66328125 0.07109375 0.15390625
1 0.21875 0.853125 0.328125 0.29375
2 0.09609375 0.48125 0.09296875 0.13046875
2 0.10546875 0.421875 0.08046875 0.10625
2 0.81328125 0.24765625 0.015625 0.040625
2 0.853125 0.18203125 0.015625 0.04765625
1 0.79453125 0.21953125 0.0546875 0.07265625
2 0.6796875 0.19921875 0.0140625 0.053125