1 0.5578125 0.4140625 0.103125 0.13203125
1 0.7140625 0.375 0.09296875 0.11953125
1 0.6703125 0.3171875 0.0765625 0.1
2 0.14609375 0.6515625 0.09375 0.165625
2 0.24453125 0.728125 0.0828125 0.2109375
2 0.32265625 0.7703125 0.08984375 0.2109375
2 0.4125 0.846875 0.09296875 0.2265625
2 0.453125 0.6890625 0.05859375 0.1671875
2 0.3796875 0.6171875 0.065625 0.1671875
2 0.47578125 0.54375 0.053125 0.128125
2 0.54921875 0.603125 0.04296875 0.1578125
2 0.67109375 0.57890625 0.04765625 0.14609375
2 0.74765625 0.46640625 0.034375 0.1109375
2 0.6140625 0.49765625 0.034375 0.10625
2 0.43046875 0.4828125 0.04453125 0.125
1 0.84609375 0.240625 0.06484375 0.09140625