1 0.196875 0.73359375 0.2953125 0.36796875
1 0.3859375 0.7796875 0.21953125 0.32265625
2 0.409375 0.4671875 0.05078125 0.125
2 0.515625 0.36875 0.034375 0.078125
1 0.54765625 0.4390625 0.13203125 0.175
1 0.62265625 0.48203125 0.1203125 0.19296875
2 0.7125 0.47265625 0.0359375 0.12421875
2 0.78515625 0.3875 0.025 0.09375
2 0.73515625 0.37734375 0.02421875 0.0765625
2 0.76953125 0.34140625 0.0203125 0.084375
2 0.68984375 0.3734375 0.02421875 0.09453125
1 0.68046875 0.32265625 0.0734375 0.10234375
1 0.72890625 0.27890625 0.05390625 0.0734375
1 0.76796875 0.2484375 0.04609375 0.071875
1 0.81953125 0.27734375 0.05 0.07578125