2 0.30703125 0.596875 0.06171875 0.140625
2 0.340625 0.5421875 0.05 0.1140625
2 0.43203125 0.51171875 0.040625 0.10859375
2 0.503125 0.4265625 0.0265625 0.07890625
2 0.53515625 0.434375 0.03046875 0.09765625
2 0.6171875 0.36640625 0.02109375 0.06640625
1 0.18359375 0.92265625 0.2828125 0.1546875
1 0.67265625 0.49453125 0.08828125 0.16796875
1 0.7671875 0.34921875 0.0375 0.0796875
1 0.72890625 0.33671875 0.03671875 0.06328125
2 0.78671875 0.33125 0.01171875 0.05390625
1 0.746875 0.29921875 0.0265625 0.0421875
2 0.68359375 0.3140625 0.0125 0.04140625
2 0.659375 0.35625 0.0140625 0.05703125
2 0.65234375 0.31953125 0.01328125 0.04453125