2 0.184375 0.515625 0.0515625 0.07890625
0 0.1359375 0.65234375 0.271875 0.3859375
2 0.53828125 0.49375 0.04609375 0.08359375
2 0.575 0.46640625 0.0328125 0.078125
2 0.53828125 0.41640625 0.025 0.07734375
2 0.565625 0.42734375 0.03125 0.0640625
2 0.59765625 0.4390625 0.03515625 0.0671875
2 0.44296875 0.6140625 0.0625 0.13046875
2 0.609375 0.40390625 0.02109375 0.06796875
2 0.6015625 0.3828125 0.02109375 0.0625
2 0.684375 0.3671875 0.021875 0.07109375
2 0.70234375 0.3109375 0.015625 0.05703125
1 0.6953125 0.265625 0.05234375 0.0625