2 0.5625 0.72890625 0.06015625 0.19609375
2 0.4484375 0.72265625 0.06484375 0.175
2 0.36953125 0.68671875 0.065625 0.16875
2 0.33046875 0.64609375 0.0703125 0.17734375
2 0.28515625 0.58515625 0.06640625 0.1515625
2 0.36796875 0.54765625 0.046875 0.134375
2 0.41171875 0.575 0.06328125 0.13828125
2 0.4515625 0.625 0.05078125 0.153125
2 0.50546875 0.64140625 0.0421875 0.1578125
2 0.59453125 0.4859375 0.0390625 0.12578125
2 0.528125 0.475 0.04453125 0.1125
2 0.475 0.42890625 0.04453125 0.11484375
2 0.6484375 0.43515625 0.03203125 0.09921875
2 0.71171875 0.39296875 0.025 0.0875
2 0.75625 0.41171875 0.0234375 0.10390625
1 0.6 0.4 0.10234375 0.13203125
2 0.31875 0.42578125 0.046875 0.1109375
2 0.65859375 0.3015625 0.02890625 0.07421875
2 0.72578125 0.25234375 0.021875 0.0671875
2 0.79921875 0.25703125 0.01875 0.06953125