1 0.14296875 0.90234375 0.2859375 0.1953125
1 0.32109375 0.63046875 0.2078125 0.26796875
2 0.45703125 0.48671875 0.053125 0.128125
2 0.58828125 0.60625 0.04296875 0.171875
2 0.83828125 0.709375 0.04921875 0.15703125
1 0.67890625 0.44453125 0.10625 0.17109375
2 0.32265625 0.4203125 0.046875 0.12109375
1 0.4171875 0.28828125 0.0828125 0.1125
2 0.5140625 0.3140625 0.02265625 0.08203125
0 0.65625 0.3015625 0.17578125 0.240625
2 0.71640625 0.32734375 0.02421875 0.0703125
2 0.75 0.31484375 0.02421875 0.075
1 0.81640625 0.21640625 0.053125 0.08359375