2 0.575 0.82109375 0.059375 0.196875
2 0.59609375 0.615625 0.04453125 0.15703125
2 0.6546875 0.5234375 0.03203125 0.1390625
2 0.73828125 0.45390625 0.03359375 0.115625
2 0.6390625 0.3765625 0.0265625 0.09921875
2 0.60625 0.34609375 0.03125 0.09921875
2 0.69921875 0.40625 0.02578125 0.1109375
2 0.4609375 0.42265625 0.0359375 0.11875
2 0.50546875 0.63359375 0.03671875 0.1265625
2 0.3609375 0.6625 0.059375 0.1765625
2 0.425 0.68828125 0.05625 0.165625
2 0.47421875 0.71796875 0.05078125 0.16796875
2 0.49296875 0.7875 0.06640625 0.1703125
2 0.2984375 0.57265625 0.06875 0.14453125
2 0.31328125 0.62734375 0.071875 0.1328125
2 0.71484375 0.35 0.0234375 0.078125