2 0.61640625 0.7046875 0.04765625 0.171875
2 0.54453125 0.6796875 0.04765625 0.13203125
2 0.515625 0.765625 0.059375 0.178125
2 0.46875 0.7421875 0.06171875 0.16171875
2 0.41875 0.6796875 0.0625 0.16171875
2 0.33515625 0.61796875 0.05625 0.14609375
2 0.2859375 0.58671875 0.053125 0.13515625
2 0.33125 0.51015625 0.04296875 0.1109375
1 0.52265625 0.45078125 0.13671875 0.17734375
1 0.5640625 0.53359375 0.140625 0.20390625
1 0.6109375 0.36640625 0.08515625 0.1109375
1 0.68125 0.31484375 0.0734375 0.09921875
2 0.74609375 0.32578125 0.02109375 0.0875
2 0.7796875 0.25625 0.025 0.0640625
2 0.82265625 0.2453125 0.01640625 0.06953125
2 0.84296875 0.24609375 0.0171875 0.0640625
2 0.2734375 0.3671875 0.0421875 0.0921875
2 0.3671875 0.3171875 0.040625 0.07734375
2 0.5421875 0.28203125 0.0296875 0.0734375
2 0.74140625 0.234375 0.015625 0.06328125
1 0.85546875 0.2046875 0.04140625 0.06484375
1 0.83359375 0.171875 0.0375 0.0453125