2 0.66171875 0.8609375 0.0484375 0.1953125
2 0.69609375 0.93515625 0.05625 0.1296875
2 0.60234375 0.91875 0.05546875 0.12265625
2 0.40546875 0.696875 0.0609375 0.1828125
2 0.41796875 0.615625 0.0515625 0.153125
2 0.5578125 0.634375 0.0515625 0.17578125
2 0.61171875 0.58984375 0.0484375 0.15
1 0.4921875 0.84453125 0.2203125 0.28125
1 0.6390625 0.50078125 0.09453125 0.153125
1 0.72421875 0.3640625 0.07890625 0.14140625
1 0.80859375 0.2703125 0.065625 0.10625
1 0.7703125 0.234375 0.059375 0.08359375
1 0.72578125 0.2703125 0.05546875 0.065625
1 0.67734375 0.32265625 0.06953125 0.1125
1 0.6 0.37578125 0.09296875 0.128125
2 0.56328125 0.47578125 0.040625 0.12734375
2 0.51796875 0.51484375 0.04609375 0.1078125
2 0.54296875 0.58671875 0.04765625 0.13984375
2 0.303125 0.53515625 0.05703125 0.14375
1 0.3546875 0.59140625 0.159375 0.203125
1 0.48515625 0.47421875 0.1328125 0.184375
0 0.89140625 0.14140625 0.08984375 0.096875