2 0.0609375 0.7 0.059375 0.10703125
2 0.23125 0.565625 0.04140625 0.0875
2 0.3234375 0.5 0.03515625 0.08671875
2 0.36171875 0.4453125 0.03359375 0.071875
2 0.0234375 0.9046875 0.046875 0.10625
3 0.13125 0.69296875 0.14296875 0.184375
2 0.509375 0.34140625 0.0234375 0.0640625
2 0.54921875 0.3296875 0.0203125 0.06640625
2 0.5828125 0.2828125 0.01796875 0.053125
2 0.5734375 0.3875 0.0203125 0.06328125
2 0.6125 0.41640625 0.02578125 0.084375
2 0.6 0.3890625 0.01953125 0.06640625
2 0.590625 0.3546875 0.02265625 0.0625
2 0.64921875 0.44765625 0.015625 0.06640625
2 0.65625 0.35078125 0.01796875 0.0625
2 0.70078125 0.309375 0.0171875 0.05625
2 0.6828125 0.32109375 0.0171875 0.06171875
2 0.68046875 0.38203125 0.01484375 0.07578125
2 0.66875 0.23515625 0.01328125 0.0453125
2 0.68125 0.20078125 0.0125 0.034375
1 0.7 0.2625 0.04375 0.065625