1 0.44375 0.4984375 0.15390625 0.18515625
1 0.603125 0.37578125 0.09765625 0.140625
1 0.6828125 0.3921875 0.09296875 0.16171875
1 0.74375 0.271875 0.07578125 0.11015625
1 0.8375 0.2140625 0.0515625 0.0765625
3 0.2984375 0.378125 0.15234375 0.13359375
2 0.1734375 0.440625 0.078125 0.1328125
2 0.07578125 0.77890625 0.1453125 0.21015625
2 0.18203125 0.934375 0.13515625 0.12421875
2 0.39453125 0.9015625 0.090625 0.184375
2 0.47734375 0.5984375 0.0609375 0.15625
2 0.765625 0.36484375 0.0265625 0.11171875
2 0.86953125 0.89453125 0.08203125 0.2109375
0 0.921875 0.1125 0.065625 0.128125