2 0.05625 0.8625 0.1109375 0.225
2 0.12421875 0.703125 0.0984375 0.15390625
2 0.24453125 0.578125 0.0890625 0.1515625
2 0.303125 0.76953125 0.08984375 0.17578125
2 0.35703125 0.52734375 0.0671875 0.128125
2 0.3625 0.61484375 0.06484375 0.14765625
2 0.4125 0.8078125 0.07421875 0.1828125
2 0.5359375 0.76171875 0.07578125 0.2
2 0.5046875 0.653125 0.06328125 0.16640625
2 0.421875 0.659375 0.0546875 0.1578125
2 0.44765625 0.56328125 0.046875 0.1078125
2 0.43046875 0.45 0.05234375 0.10859375
2 0.42265625 0.534375 0.0578125 0.1265625
2 0.54140625 0.54296875 0.05078125 0.11640625
2 0.60625 0.64609375 0.03984375 0.1578125
2 0.59609375 0.4921875 0.03046875 0.1234375
2 0.621875 0.5171875 0.040625 0.11875
3 0.5578125 0.41875 0.1234375 0.14296875
1 0.63515625 0.340625 0.07421875 0.0953125
1 0.6796875 0.41796875 0.0890625 0.146875
1 0.70078125 0.29296875 0.06171875 0.09453125
1 0.75859375 0.328125 0.071875 0.090625
1 0.7828125 0.23984375 0.06015625 0.0875
1 0.05703125 0.528125 0.1140625 0.1765625