2 0.6015625 0.42734375 0.03203125 0.07890625
1 0.60390625 0.365625 0.04765625 0.08828125
1 0.45546875 0.38046875 0.0796875 0.08203125
1 0.4015625 0.47890625 0.10234375 0.11015625
2 0.36640625 0.425 0.034375 0.06796875
2 0.33203125 0.55390625 0.0421875 0.0859375
2 0.315625 0.48828125 0.03515625 0.07890625
2 0.26640625 0.48984375 0.04140625 0.075
2 0.2609375 0.6265625 0.05234375 0.09609375
2 0.0421875 0.68046875 0.06328125 0.1078125
1 0.2390625 0.58828125 0.1265625 0.12421875
1 0.0453125 0.81484375 0.090625 0.1625
3 0.70234375 0.34453125 0.0640625 0.12734375