1 0.2625 0.63046875 0.2140625 0.2578125
1 0.4015625 0.7078125 0.2015625 0.315625
1 0.525 0.4234375 0.1 0.12734375
1 0.6296875 0.4640625 0.12265625 0.16015625
1 0.66171875 0.31953125 0.08515625 0.11953125
1 0.73125 0.26875 0.05703125 0.09296875
1 0.7875 0.30703125 0.07109375 0.103125
1 0.77734375 0.22421875 0.0484375 0.08125
1 0.82890625 0.18515625 0.0484375 0.06171875
2 0.12265625 0.43828125 0.07109375 0.11328125
2 0.18125 0.3734375 0.06015625 0.11953125
2 0.84140625 0.2859375 0.0203125 0.0859375
2 0.82421875 0.22421875 0.01953125 0.059375