1 0.3890625 0.55859375 0.18359375 0.25
1 0.709375 0.3234375 0.075 0.1171875
1 0.07109375 0.878125 0.1421875 0.24375
2 0.221875 0.3875 0.0625 0.1078125
2 0.34765625 0.384375 0.04453125 0.1046875
2 0.353125 0.32578125 0.0421875 0.0859375
2 0.809375 0.27421875 0.02265625 0.07734375
2 0.79375 0.25390625 0.021875 0.0765625
1 0.8640625 0.15234375 0.03671875 0.0515625
1 0.90078125 0.13046875 0.02421875 0.046875
1 0.92734375 0.1046875 0.028125 0.04609375
2 0.65390625 0.20703125 0.0171875 0.05703125
2 0.70546875 0.19140625 0.0125 0.04921875
3 0.66171875 0.1515625 0.04375 0.06484375