2 0.63203125 0.828125 0.084375 0.2609375
2 0.7140625 0.61171875 0.040625 0.18046875
2 0.74765625 0.4734375 0.02265625 0.11640625
2 0.69453125 0.43984375 0.02109375 0.09375
2 0.7390625 0.42734375 0.0203125 0.08671875
2 0.74453125 0.35859375 0.01484375 0.0671875
2 0.58515625 0.359375 0.015625 0.0609375
2 0.75703125 0.33046875 0.0109375 0.05546875
2 0.76640625 0.3078125 0.00859375 0.04609375
2 0.77734375 0.32109375 0.0109375 0.04765625
2 0.78515625 0.28515625 0.00703125 0.03046875
1 0.65625 0.3484375 0.04609375 0.0578125
1 0.73515625 0.309375 0.02578125 0.05078125
1 0.73046875 0.27578125 0.01953125 0.0296875
2 0.690625 0.30703125 0.01015625 0.0421875
2 0.7109375 0.290625 0.0078125 0.0359375