2 0.53984375 0.4171875 0.028125 0.078125
2 0.571875 0.37734375 0.0203125 0.065625
2 0.61171875 0.36796875 0.01875 0.06015625
2 0.62890625 0.33828125 0.01640625 0.0515625
2 0.68046875 0.2953125 0.0125 0.0359375
2 0.72265625 0.33671875 0.01015625 0.05703125
2 0.73828125 0.3375 0.0125 0.0609375
2 0.75703125 0.33828125 0.0125 0.04921875
2 0.73671875 0.30390625 0.009375 0.03046875
2 0.775 0.27109375 0.0078125 0.0265625
1 0.71171875 0.29140625 0.0234375 0.03984375
1 0.76484375 0.3046875 0.0265625 0.04921875
1 0.74921875 0.28515625 0.01953125 0.0375
1 0.7765625 0.25390625 0.01171875 0.021875