2 0.540625 0.58984375 0.046875 0.15703125
2 0.48359375 0.709375 0.0625 0.1921875
2 0.765625 0.54296875 0.034375 0.14453125
2 0.83984375 0.70390625 0.0484375 0.178125
2 0.71484375 0.35234375 0.03125 0.096875
2 0.77578125 0.31171875 0.0265625 0.090625
2 0.8296875 0.25390625 0.015625 0.078125
2 0.7765625 0.2296875 0.0234375 0.06640625
2 0.1609375 0.38515625 0.07109375 0.1328125
2 0.2046875 0.34140625 0.0515625 0.1046875
1 0.39375 0.30390625 0.11640625 0.103125
1 0.590625 0.39140625 0.11171875 0.15
1 0.81171875 0.19453125 0.04609375 0.05546875
2 0.3953125 0.68515625 0.071875 0.1921875
2 0.32578125 0.6171875 0.04765625 0.16015625
2 0.40234375 0.57578125 0.0640625 0.11796875
2 0.3546875 0.6640625 0.0625 0.16796875