2 0.60078125 0.81953125 0.05390625 0.22265625
2 0.61796875 0.71640625 0.05078125 0.20703125
2 0.5296875 0.8015625 0.06171875 0.1921875
2 0.4546875 0.73203125 0.0609375 0.1859375
2 0.54296875 0.5328125 0.04453125 0.13671875
2 0.8171875 0.73671875 0.04765625 0.21171875
2 0.7 0.36875 0.02890625 0.1046875
2 0.64453125 0.39296875 0.03515625 0.10390625
2 0.5859375 0.40625 0.03515625 0.1046875
2 0.3203125 0.57421875 0.05625 0.15
2 0.35859375 0.50859375 0.04609375 0.14296875
2 0.39375 0.5453125 0.04296875 0.12421875
2 0.75390625 0.359375 0.02109375 0.1015625
2 0.73359375 0.27734375 0.0203125 0.075
1 0.4375 0.6265625 0.175 0.26953125