2 0.83125 0.82734375 0.0578125 0.1984375
2 0.57109375 0.66171875 0.05625 0.1484375
2 0.41953125 0.74296875 0.06796875 0.1796875
2 0.48125 0.6546875 0.04921875 0.16015625
2 0.521875 0.58203125 0.040625 0.11953125
2 0.46875 0.575 0.0421875 0.146875
2 0.38515625 0.6484375 0.0734375 0.1609375
2 0.275 0.603125 0.06953125 0.13828125
2 0.53984375 0.459375 0.03671875 0.13203125
2 0.6296875 0.37734375 0.0234375 0.103125
2 0.69609375 0.3828125 0.02734375 0.0984375
2 0.73671875 0.44375 0.02890625 0.103125
2 0.76484375 0.3921875 0.028125 0.10546875
2 0.8453125 0.23671875 0.01640625 0.07265625
2 0.76015625 0.23046875 0.0140625 0.05859375
2 0.67421875 0.28515625 0.0265625 0.07109375
2 0.71015625 0.34609375 0.02265625 0.08203125
2 0.51875 0.39375 0.03515625 0.1046875
2 0.334375 0.39765625 0.04921875 0.1046875
2 0.26640625 0.46015625 0.0609375 0.11484375
1 0.109375 0.44453125 0.19375 0.13359375
1 0.43125 0.5015625 0.13359375 0.1890625
1 0.78046875 0.26640625 0.05859375 0.09296875