1 0.17265625 0.946875 0.15546875 0.10625
1 0.1875 0.8453125 0.1828125 0.25859375
1 0.28515625 0.51953125 0.11015625 0.1
1 0.50078125 0.50859375 0.0921875 0.1265625
2 0.1421875 0.62890625 0.0578125 0.1
2 0.25546875 0.596875 0.053125 0.0921875
2 0.153125 0.528125 0.059375 0.078125
2 0.51796875 0.56328125 0.03828125 0.1
2 0.603125 0.44453125 0.02109375 0.0796875
2 0.62109375 0.459375 0.01171875 0.08359375
2 0.5671875 0.41015625 0.02578125 0.075
2 0.4390625 0.4078125 0.034375 0.06875
1 0.67265625 0.29765625 0.05078125 0.06484375