0 0.73828125 0.3515625 0.13828125 0.346875
1 0.415625 0.5234375 0.14296875 0.17578125
1 0.51328125 0.55703125 0.14921875 0.18359375
1 0.6046875 0.4625 0.090625 0.165625
1 0.6171875 0.35546875 0.1 0.14765625
1 0.67578125 0.28984375 0.0578125 0.10859375
1 0.81953125 0.26015625 0.0640625 0.1234375
1 0.40234375 0.3796875 0.121875 0.11015625
1 0.090625 0.59921875 0.18125 0.24296875
2 0.11015625 0.4 0.06796875 0.11015625
2 0.25078125 0.41328125 0.053125 0.1265625
2 0.346875 0.31875 0.034375 0.10390625
2 0.5078125 0.303125 0.03125 0.10859375
2 0.3140625 0.6328125 0.07578125 0.17265625
2 0.35703125 0.64453125 0.0734375 0.1765625
2 0.42421875 0.70390625 0.078125 0.18515625
2 0.49375 0.7453125 0.05546875 0.2046875
2 0.55078125 0.78046875 0.05078125 0.19375
2 0.6203125 0.81640625 0.059375 0.19921875
2 0.6078125 0.68359375 0.0609375 0.2
2 0.6328125 0.5453125 0.0359375 0.13203125