2 0.675 0.6453125 0.04375 0.15078125
2 0.621875 0.49921875 0.04375 0.1296875
2 0.684375 0.5265625 0.03359375 0.0984375
2 0.61640625 0.890625 0.04921875 0.1859375
2 0.58046875 0.79609375 0.04140625 0.18671875
2 0.528125 0.7515625 0.05 0.1984375
1 0.49140625 0.66875 0.15234375 0.23359375
1 0.3875 0.58828125 0.20390625 0.265625
1 0.52578125 0.46171875 0.1203125 0.1625
1 0.6375 0.3625 0.08828125 0.1375
1 0.69921875 0.30625 0.0671875 0.096875
1 0.7453125 0.2609375 0.05625 0.0828125
2 0.56640625 0.50078125 0.04296875 0.12421875
2 0.7828125 0.38046875 0.02421875 0.0875