2 0.71640625 0.8515625 0.053125 0.2078125
2 0.61953125 0.8328125 0.05625 0.21015625
2 0.5921875 0.7890625 0.05234375 0.18203125
2 0.59921875 0.68359375 0.05546875 0.1625
2 0.52421875 0.7140625 0.053125 0.171875
2 0.50703125 0.825 0.0640625 0.1265625
2 0.440625 0.825 0.08203125 0.19296875
2 0.45078125 0.73046875 0.06328125 0.18359375
2 0.40234375 0.70703125 0.05859375 0.18125
2 0.3734375 0.68984375 0.07109375 0.20234375
2 0.24921875 0.584375 0.075 0.178125
2 0.3234375 0.51484375 0.0484375 0.109375
2 0.73515625 0.478125 0.0375 0.1234375
2 0.6578125 0.48671875 0.0375 0.12578125
2 0.75390625 0.33515625 0.01796875 0.08046875
2 0.6734375 0.36171875 0.028125 0.0734375
1 0.36953125 0.58046875 0.17265625 0.22734375
1 0.13125 0.4953125 0.18203125 0.16640625
1 0.38984375 0.31640625 0.10703125 0.0921875
1 0.51328125 0.47578125 0.1359375 0.1671875
1 0.56328125 0.5484375 0.14921875 0.20859375
1 0.70625 0.39921875 0.08515625 0.12734375
1 0.609375 0.38671875 0.08828125 0.125
1 0.67734375 0.31171875 0.07109375 0.09140625
1 0.815625 0.31484375 0.05078125 0.09609375
1 0.76953125 0.2859375 0.05546875 0.0953125
1 0.71875 0.26171875 0.05859375 0.07734375