1 0.14921875 0.58046875 0.15703125 0.13515625
1 0.67890625 0.32734375 0.03984375 0.0609375
1 0.75859375 0.32890625 0.03203125 0.0515625
2 0.47421875 0.5109375 0.04140625 0.1234375
2 0.625 0.35 0.01328125 0.053125
2 0.7296875 0.33359375 0.009375 0.0484375
2 0.78203125 0.334375 0.01171875 0.053125
2 0.7421875 0.309375 0.009375 0.04296875
2 0.7859375 0.28984375 0.0078125 0.034375
2 0.7796875 0.28359375 0.00703125 0.03046875
1 0.75859375 0.29140625 0.025 0.03671875
1 0.721875 0.29296875 0.02421875 0.0359375
1 0.73515625 0.2765625 0.0171875 0.0234375
1 0.7546875 0.27265625 0.0171875 0.025
1 0.69921875 0.2875 0.02421875 0.03125
1 0.709375 0.275 0.021875 0.0234375
2 0.68515625 0.28671875 0.00703125 0.02578125