2 0.54453125 0.77890625 0.0578125 0.2203125
1 0.31640625 0.59609375 0.1953125 0.25
1 0.5171875 0.4375 0.11796875 0.159375
1 0.6765625 0.30859375 0.0609375 0.09375
1 0.76640625 0.25078125 0.0515625 0.10859375
1 0.85703125 0.33671875 0.09375 0.1140625
2 0.5921875 0.4890625 0.04296875 0.11015625
2 0.70703125 0.39765625 0.03046875 0.08359375
2 0.7265625 0.33515625 0.0234375 0.08828125
2 0.675 0.37109375 0.02265625 0.08671875
2 0.784375 0.28671875 0.0140625 0.06953125
2 0.80546875 0.26875 0.01328125 0.059375
2 0.8484375 0.225 0.01796875 0.06875
2 0.31484375 0.35546875 0.05078125 0.10703125
2 0.26015625 0.32109375 0.0453125 0.0859375