1 0.6109375 0.6140625 0.1546875 0.2359375
2 0.59375 0.81796875 0.075 0.20234375
2 0.5234375 0.81328125 0.05546875 0.16484375
2 0.50078125 0.74453125 0.05859375 0.18359375
2 0.42265625 0.75078125 0.06640625 0.18125
2 0.3828125 0.65625 0.06875 0.18515625
2 0.27890625 0.6125 0.07109375 0.15546875
2 0.29140625 0.53828125 0.05703125 0.13515625
2 0.45390625 0.59140625 0.0578125 0.159375
2 0.59765625 0.484375 0.02734375 0.07890625
2 0.77265625 0.40625 0.03046875 0.11328125
2 0.2875 0.32890625 0.05234375 0.096875
2 0.3734375 0.2953125 0.03046875 0.0765625
2 0.59296875 0.26484375 0.021875 0.065625
1 0.43046875 0.50390625 0.134375 0.1734375
1 0.61328125 0.35859375 0.09140625 0.121875
3 0.69140625 0.3875 0.0828125 0.12109375
1 0.78203125 0.2796875 0.06171875 0.1
1 0.7671875 0.22421875 0.05 0.06328125
1 0.87578125 0.18359375 0.04140625 0.059375
1 0.89140625 0.13515625 0.0359375 0.05703125
1 0.928125 0.10390625 0.02890625 0.034375