1 0.06640625 0.81328125 0.1328125 0.1921875
1 0.5296875 0.35234375 0.07734375 0.0765625
2 0.24296875 0.50234375 0.04921875 0.0734375
2 0.39765625 0.40390625 0.03203125 0.05390625
3 0.38359375 0.4828125 0.096875 0.12265625
2 0.58359375 0.2890625 0.0171875 0.0515625
2 0.60703125 0.2671875 0.0171875 0.05
2 0.59609375 0.25625 0.01328125 0.04296875
1 0.6578125 0.24609375 0.04140625 0.05390625
1 0.73515625 0.17578125 0.0390625 0.040625
2 0.671875 0.2046875 0.01328125 0.034375
2 0.58125 0.38515625 0.01953125 0.08125
2 0.59765625 0.396875 0.01796875 0.07578125
2 0.615625 0.40234375 0.01953125 0.0734375
2 0.59765625 0.33359375 0.01875 0.05703125
2 0.65703125 0.3828125 0.01328125 0.06640625
2 0.6984375 0.3875 0.01875 0.07578125
2 0.68671875 0.346875 0.01875 0.0578125
1 0.63359375 0.33515625 0.0578125 0.07265625
1 0.6765625 0.28203125 0.053125 0.06171875
2 0.71015625 0.296875 0.015625 0.0640625
2 0.69375 0.31953125 0.01484375 0.05859375