0 0.41875 0.4890625 0.20234375 0.2484375
2 0.03671875 0.6875 0.0734375 0.128125
1 0.4390625 0.696875 0.1640625 0.215625
2 0.51484375 0.7828125 0.05859375 0.15
2 0.56328125 0.815625 0.0578125 0.1640625
2 0.615625 0.84765625 0.0625 0.184375
2 0.675 0.8984375 0.0578125 0.2
2 0.60859375 0.675 0.0484375 0.16484375
2 0.54375 0.6578125 0.04296875 0.159375
2 0.590625 0.575 0.04140625 0.12734375
2 0.63046875 0.5578125 0.03984375 0.14453125
2 0.67890625 0.50859375 0.040625 0.12109375
2 0.73125 0.4953125 0.02734375 0.12734375
2 0.778125 0.4734375 0.0390625 0.128125
2 0.77890625 0.3609375 0.0265625 0.08046875
2 0.784375 0.31015625 0.01796875 0.07109375
2 0.7546875 0.30546875 0.028125 0.0734375
2 0.80390625 0.26796875 0.021875 0.06484375
2 0.8359375 0.24296875 0.01484375 0.059375
1 0.8375 0.18828125 0.05 0.06875
1 0.56953125 0.40703125 0.1015625 0.11328125
1 0.60546875 0.48515625 0.125 0.18828125
1 0.63515625 0.33671875 0.06171875 0.0953125
2 0.71953125 0.39140625 0.03046875 0.1