2 0.60546875 0.85703125 0.05859375 0.19140625
2 0.5578125 0.79296875 0.06171875 0.196875
2 0.50625 0.76484375 0.0640625 0.203125
2 0.42890625 0.73203125 0.06484375 0.20703125
2 0.33125 0.62890625 0.0703125 0.18125
2 0.39609375 0.64921875 0.0640625 0.16171875
2 0.65 0.58203125 0.0359375 0.1359375
2 0.6984375 0.4859375 0.0328125 0.11015625
2 0.74140625 0.43828125 0.021875 0.0984375
2 0.76953125 0.490625 0.0265625 0.1171875
2 0.66953125 0.41484375 0.02734375 0.11875
2 0.7875 0.40390625 0.02265625 0.08984375
2 0.6234375 0.7578125 0.04375 0.1296875
2 0.41875 0.45625 0.03984375 0.109375
2 0.47890625 0.62734375 0.06171875 0.1484375
1 0.48359375 0.503125 0.1703125 0.16015625
1 0.284375 0.4515625 0.1703125 0.14453125
1 0.59921875 0.375 0.10390625 0.1390625
1 0.66484375 0.3109375 0.07109375 0.08515625
1 0.71640625 0.2734375 0.06484375 0.0765625
1 0.7578125 0.23671875 0.0546875 0.071875
1 0.6609375 0.221875 0.06640625 0.06640625