1 0.296875 0.625 0.2203125 0.26484375
1 0.50546875 0.59453125 0.16171875 0.22734375
1 0.60703125 0.37578125 0.09296875 0.1203125
3 0.66640625 0.31796875 0.08203125 0.11328125
1 0.7296875 0.26328125 0.06171875 0.0875
2 0.69375 0.465625 0.03515625 0.12734375
2 0.7453125 0.36015625 0.02734375 0.09296875
2 0.78125 0.35078125 0.01640625 0.0796875
2 0.8046875 0.31015625 0.01796875 0.078125
2 0.784375 0.284375 0.02265625 0.07109375
2 0.83984375 0.25859375 0.01640625 0.0625
2 0.86328125 0.22578125 0.01640625 0.05859375
1 0.84140625 0.18125 0.040625 0.06640625
1 0.803125 0.23515625 0.0453125 0.06953125
1 0.88671875 0.17265625 0.0375 0.05234375
2 0.58671875 0.4625 0.03359375 0.10859375
2 0.6375 0.43203125 0.0328125 0.10703125
2 0.5734375 0.7046875 0.046875 0.1703125
3 0.2484375 0.36484375 0.1703125 0.16015625
2 0.075 0.68671875 0.11875 0.1703125
2 0.3875 0.49765625 0.04765625 0.1078125