2 0.31015625 0.9140625 0.07265625 0.13359375
2 0.04765625 0.684375 0.05 0.10234375
2 0.01640625 0.62734375 0.0328125 0.1015625
2 0.08515625 0.5390625 0.0484375 0.090625
2 0.534375 0.49296875 0.05390625 0.08828125
2 0.58046875 0.46171875 0.0421875 0.08125
2 0.55703125 0.396875 0.02421875 0.08046875
2 0.59765625 0.4359375 0.02890625 0.06875
2 0.60859375 0.396875 0.02265625 0.05703125
2 0.63125 0.43359375 0.03984375 0.0546875
2 0.59921875 0.37890625 0.0203125 0.06171875
1 0.190625 0.54921875 0.128125 0.1140625
2 0.68515625 0.359375 0.021875 0.053125
2 0.6875 0.32734375 0.02109375 0.053125
1 0.6578125 0.24609375 0.04140625 0.04921875
1 0.696875 0.2640625 0.0484375 0.0609375
2 0.70234375 0.3078125 0.01484375 0.05390625
1 0.71171875 0.19375 0.04375 0.04296875
1 0.73984375 0.16328125 0.0375 0.040625