1 0.5546875 0.82578125 0.19921875 0.25859375
1 0.4984375 0.48359375 0.134375 0.18515625
1 0.58125 0.3984375 0.071875 0.12265625
1 0.6515625 0.31328125 0.07421875 0.096875
3 0.653125 0.425 0.115625 0.15
2 0.18046875 0.4109375 0.06953125 0.10703125
2 0.2859375 0.35078125 0.05078125 0.0828125
2 0.7734375 0.440625 0.02578125 0.103125
1 0.740625 0.27421875 0.06171875 0.07109375
1 0.7921875 0.246875 0.04140625 0.071875
2 0.2859375 0.58046875 0.0703125 0.1671875
2 0.3609375 0.52109375 0.0515625 0.13046875
2 0.3484375 0.66171875 0.05625 0.16796875
2 0.29765625 0.63515625 0.05546875 0.16171875
2 0.39453125 0.6796875 0.06640625 0.2
2 0.4671875 0.73046875 0.0671875 0.19375
2 0.53984375 0.66484375 0.0375 0.1359375
2 0.65625 0.60546875 0.0390625 0.1328125
2 0.60546875 0.6109375 0.05 0.165625
2 0.54609375 0.5375 0.04453125 0.11484375
1 0.5703125 0.2703125 0.08359375 0.0890625