2 0.4484375 0.728125 0.08203125 0.196875
2 0.70625 0.4734375 0.03515625 0.1421875
2 0.628125 0.4859375 0.0359375 0.1234375
2 0.58828125 0.37578125 0.0328125 0.10703125
2 0.75546875 0.34140625 0.02890625 0.09296875
2 0.78671875 0.29375 0.02109375 0.07578125
2 0.16796875 0.378125 0.0625 0.103125
1 0.371875 0.34921875 0.1328125 0.11640625
1 0.5109375 0.43984375 0.1265625 0.175
1 0.73828125 0.29453125 0.059375 0.09140625
1 0.778125 0.22578125 0.05546875 0.06640625
1 0.81953125 0.184375 0.040625 0.07265625
2 0.821875 0.28359375 0.02265625 0.0734375