2 0.58203125 0.8078125 0.053125 0.19296875
2 0.53828125 0.76875 0.05625 0.1875
2 0.4734375 0.74140625 0.06875 0.17578125
2 0.4234375 0.68828125 0.0671875 0.17265625
2 0.3765625 0.65390625 0.065625 0.17265625
2 0.6015625 0.70859375 0.05625 0.1328125
2 0.57265625 0.6140625 0.03671875 0.12265625
2 0.61171875 0.55546875 0.03671875 0.11875
2 0.65625 0.52109375 0.0453125 0.1171875
2 0.54921875 0.58671875 0.0453125 0.1421875
2 0.49453125 0.525 0.04296875 0.10078125
2 0.4625 0.5859375 0.04375 0.12578125
1 0.390625 0.53125 0.1609375 0.2
1 0.371875 0.371875 0.12421875 0.11953125
1 0.528125 0.43046875 0.1140625 0.1421875
1 0.63046875 0.45546875 0.11953125 0.16875
1 0.753125 0.4953125 0.0765625 0.203125
1 0.6375 0.3453125 0.0765625 0.10703125
1 0.6953125 0.30625 0.0703125 0.1140625
1 0.6875 0.1984375 0.05078125 0.04921875
2 0.5984375 0.32890625 0.02890625 0.071875
2 0.8109375 0.2703125 0.0203125 0.075
2 0.84609375 0.171875 0.01484375 0.05