1 0.603125 0.62578125 0.1625 0.2703125
1 0.2515625 0.80078125 0.265625 0.3859375
3 0.15 0.67265625 0.2515625 0.2515625
1 0.62265625 0.35625 0.09296875 0.11640625
1 0.6984375 0.29453125 0.0671875 0.0921875
1 0.74765625 0.2546875 0.053125 0.090625
1 0.8140625 0.19765625 0.04921875 0.0796875
1 0.88984375 0.1640625 0.02890625 0.05
2 0.43125 0.45234375 0.04765625 0.1296875
2 0.31171875 0.54140625 0.0609375 0.1375
2 0.38671875 0.5859375 0.0625 0.14921875
2 0.5 0.47890625 0.04375 0.13125
2 0.54921875 0.4921875 0.0421875 0.13125
2 0.73671875 0.4609375 0.040625 0.11875
2 0.846875 0.253125 0.02265625 0.08671875