2 0.58046875 0.853125 0.05546875 0.1796875
2 0.61328125 0.753125 0.04140625 0.1578125
2 0.60234375 0.6796875 0.03359375 0.11875
2 0.5453125 0.78828125 0.05546875 0.1953125
2 0.484375 0.75625 0.05234375 0.17890625
2 0.40703125 0.69453125 0.06015625 0.17421875
2 0.3859375 0.6546875 0.04296875 0.153125
2 0.465625 0.603125 0.046875 0.1546875
2 0.4578125 0.54765625 0.0546875 0.13515625
2 0.6703125 0.51796875 0.02578125 0.13203125
1 0.31328125 0.6046875 0.19453125 0.24921875
1 0.5984375 0.46875 0.12421875 0.1921875
1 0.51484375 0.42890625 0.1296875 0.16015625
1 0.74453125 0.37578125 0.10703125 0.1140625
1 0.8125 0.3203125 0.06171875 0.0875
1 0.73359375 0.25625 0.06171875 0.09765625
1 0.65234375 0.31171875 0.07265625 0.07421875
1 0.78671875 0.2203125 0.05 0.059375
1 0.81796875 0.18984375 0.04609375 0.06328125
2 0.84609375 0.221875 0.01640625 0.04609375
2 0.87578125 0.21015625 0.01640625 0.0546875
2 0.7515625 0.2890625 0.021875 0.0640625
2 0.67421875 0.35390625 0.0234375 0.08671875
2 0.721875 0.309375 0.025 0.0671875
2 0.68125 0.265625 0.01953125 0.040625
2 0.69765625 0.29921875 0.01953125 0.07265625
2 0.6375 0.5140625 0.03515625 0.12421875
2 0.60234375 0.6125 0.03828125 0.1328125
2 0.546875 0.609375 0.0421875 0.13984375
2 0.103125 0.48125 0.084375 0.1453125