1 0.7015625 0.38671875 0.0578125 0.10078125
1 0.7703125 0.32578125 0.03359375 0.06171875
1 0.71484375 0.2875 0.0234375 0.0390625
1 0.7515625 0.2609375 0.0140625 0.02265625
3 0.51875 0.696875 0.19140625 0.2640625
2 0.36640625 0.62109375 0.06484375 0.1421875
2 0.3328125 0.5703125 0.04921875 0.13125
2 0.41953125 0.471875 0.040625 0.0828125
2 0.46015625 0.47578125 0.0359375 0.09765625
2 0.528125 0.4640625 0.02890625 0.0953125
2 0.55234375 0.3875 0.01953125 0.0640625
2 0.5875 0.39375 0.02109375 0.0765625
2 0.6125 0.39921875 0.021875 0.07734375
2 0.7640625 0.384375 0.01953125 0.08125
2 0.621875 0.35703125 0.02109375 0.05703125
2 0.63125 0.3390625 0.01796875 0.05
2 0.66953125 0.31640625 0.009375 0.04296875
2 0.70703125 0.31015625 0.0109375 0.0390625
2 0.69921875 0.30234375 0.00859375 0.0390625
2 0.7265625 0.29296875 0.00859375 0.0390625
2 0.7859375 0.28359375 0.0078125 0.0328125
2 0.73828125 0.2640625 0.00546875 0.0203125
2 0.75546875 0.265625 0.00546875 0.02265625
2 0.1421875 0.59453125 0.06015625 0.10859375
2 0.04921875 0.59609375 0.0625 0.11015625