1 0.6328125 0.3828125 0.059375 0.078125
1 0.63125 0.33984375 0.05078125 0.053125
1 0.68203125 0.315625 0.03671875 0.0484375
2 0.6578125 0.31171875 0.00859375 0.03984375
2 0.709375 0.3359375 0.0140625 0.05546875
2 0.75078125 0.33984375 0.0109375 0.05703125
2 0.771875 0.34296875 0.0109375 0.053125
2 0.79296875 0.3390625 0.0109375 0.0546875
1 0.74765625 0.32265625 0.03125 0.05390625
1 0.78125 0.325 0.0234375 0.04453125
1 0.78515625 0.290625 0.02109375 0.03203125
1 0.74765625 0.2859375 0.01953125 0.02890625
1 0.75390625 0.29921875 0.025 0.03828125
1 0.7625 0.27734375 0.015625 0.02890625
1 0.7734375 0.2734375 0.01171875 0.0234375