1 0.05703125 0.61015625 0.1140625 0.1203125
1 0.33671875 0.52109375 0.14296875 0.11953125
2 0.6453125 0.32421875 0.0140625 0.04609375
2 0.6875 0.31328125 0.009375 0.04140625
1 0.7171875 0.271875 0.01796875 0.03046875
1 0.75546875 0.30703125 0.025 0.0453125
1 0.74921875 0.27734375 0.02890625 0.03125
1 0.7875 0.2890625 0.015625 0.03125
1 0.7765625 0.271875 0.01484375 0.02578125
2 0.79453125 0.3375 0.0125 0.0484375
2 0.771875 0.34140625 0.0109375 0.05546875
2 0.75078125 0.3375 0.01171875 0.05546875