2 0.71640625 0.91640625 0.0515625 0.1671875
2 0.6625 0.85859375 0.05 0.20859375
2 0.603125 0.9109375 0.04609375 0.11953125
2 0.396875 0.7015625 0.04765625 0.16484375
1 0.5265625 0.79765625 0.20078125 0.26875
2 0.55859375 0.6203125 0.046875 0.11796875
2 0.6078125 0.5859375 0.03984375 0.14375
2 0.4765625 0.71171875 0.05546875 0.159375
2 0.30234375 0.53359375 0.0609375 0.1453125
2 0.4109375 0.6 0.05546875 0.1265625
2 0.04765625 0.57890625 0.09296875 0.165625
2 0.56171875 0.47578125 0.03984375 0.1078125
2 0.54140625 0.57578125 0.0421875 0.1078125
2 0.48984375 0.628125 0.05 0.13203125
1 0.3546875 0.59375 0.1625 0.20390625
1 0.48828125 0.471875 0.1390625 0.1703125
1 0.64453125 0.496875 0.1 0.1625
1 0.60390625 0.38203125 0.09375 0.1234375
1 0.6796875 0.32421875 0.0734375 0.11171875
1 0.72578125 0.26875 0.05625 0.0765625
1 0.7765625 0.22734375 0.05078125 0.07421875
1 0.82265625 0.20234375 0.04375 0.06796875
1 0.50703125 0.321875 0.0984375 0.090625
1 0.30546875 0.4453125 0.15546875 0.10703125
2 0.19765625 0.365625 0.0625 0.0921875