2 0.69140625 0.81640625 0.05625 0.1734375
2 0.71484375 0.93125 0.0484375 0.13671875
2 0.646875 0.91328125 0.06171875 0.16015625
2 0.6375 0.72421875 0.05 0.1546875
2 0.6046875 0.83671875 0.0609375 0.18515625
2 0.546875 0.79765625 0.04609375 0.1734375
2 0.478125 0.72734375 0.05703125 0.18125
2 0.54609375 0.66328125 0.05390625 0.15390625
2 0.5921875 0.61484375 0.05546875 0.13359375
2 0.61640625 0.5375 0.04296875 0.12578125
2 0.5296875 0.553125 0.03671875 0.134375
2 0.2203125 0.5890625 0.084375 0.16640625
2 0.46875 0.4796875 0.04375 0.10859375
2 0.8171875 0.3859375 0.021875 0.09453125
2 0.80390625 0.2984375 0.02265625 0.06796875
2 0.77578125 0.30546875 0.01875 0.04609375
1 0.421875 0.65703125 0.1828125 0.27890625
1 0.33984375 0.57265625 0.18984375 0.23125
1 0.69765625 0.47890625 0.10234375 0.159375
1 0.60625 0.471875 0.103125 0.13671875
1 0.565625 0.3953125 0.1140625 0.1578125
1 0.65 0.325 0.07421875 0.0875
1 0.6890625 0.27421875 0.071875 0.0796875
1 0.70546875 0.35234375 0.07578125 0.08984375
1 0.75859375 0.4 0.0796875 0.13828125
1 0.75625 0.28515625 0.0640625 0.08828125
1 0.753125 0.23671875 0.05546875 0.0734375
1 0.79765625 0.209375 0.05078125 0.07890625
3 0.8375 0.178125 0.04375 0.0578125
1 0.871875 0.1609375 0.03359375 0.05234375
2 0.9078125 0.1703125 0.0140625 0.05234375