2 0.0546875 0.7515625 0.06875 0.11015625
2 0.12421875 0.734375 0.06328125 0.11015625
2 0.1953125 0.5828125 0.04609375 0.08984375
2 0.25390625 0.60078125 0.05078125 0.09453125
2 0.2703125 0.49140625 0.046875 0.0796875
2 0.35625 0.48828125 0.0390625 0.0765625
2 0.421875 0.428125 0.03125 0.075
2 0.61171875 0.4203125 0.0296875 0.078125
2 0.57578125 0.38984375 0.02265625 0.0671875
2 0.5921875 0.35 0.0203125 0.05390625
2 0.6 0.38671875 0.01875 0.06640625
2 0.678125 0.33828125 0.01171875 0.06875
1 0.696875 0.26484375 0.04140625 0.065625