2 0.640625 0.86796875 0.06015625 0.1921875
2 0.75703125 0.653125 0.0453125 0.16328125
2 0.8140625 0.60234375 0.0359375 0.1609375
1 0.75703125 0.46953125 0.06328125 0.14453125
3 0.40078125 0.55 0.19453125 0.22890625
1 0.4734375 0.61875 0.14921875 0.21484375
2 0.49140625 0.7578125 0.0515625 0.18046875
2 0.5453125 0.77109375 0.0703125 0.18203125
2 0.58359375 0.8265625 0.06171875 0.20390625
2 0.6328125 0.6921875 0.05390625 0.15078125
2 0.59609375 0.59453125 0.053125 0.13046875
2 0.6890625 0.54375 0.05 0.13125
1 0.5484375 0.434375 0.1140625 0.13671875
0 0.69765625 0.2734375 0.17421875 0.23359375