2 0.3796875 0.65546875 0.06796875 0.17890625
2 0.41875 0.690625 0.0703125 0.16796875
2 0.4703125 0.74453125 0.06171875 0.16015625
2 0.53203125 0.76796875 0.05703125 0.18671875
2 0.5828125 0.81171875 0.05234375 0.19609375
2 0.4609375 0.5875 0.0390625 0.1359375
2 0.49453125 0.63359375 0.05546875 0.1390625
2 0.49296875 0.52890625 0.040625 0.1140625
2 0.5484375 0.5890625 0.04140625 0.15
2 0.64609375 0.5953125 0.040625 0.14375
1 0.3921875 0.53828125 0.16015625 0.2125
1 0.52890625 0.43046875 0.1125 0.14453125
1 0.6296875 0.45625 0.1203125 0.18125
1 0.6359375 0.35078125 0.08046875 0.10703125
1 0.69609375 0.30703125 0.06796875 0.11171875
1 0.57421875 0.26796875 0.065625 0.075
1 0.64765625 0.20390625 0.0421875 0.05546875
2 0.59765625 0.33046875 0.03046875 0.0796875
2 0.484375 0.31796875 0.03125 0.0796875