1 0.42421875 0.57265625 0.15625 0.1890625
1 0.58203125 0.54140625 0.128125 0.18359375
1 0.684375 0.40390625 0.07734375 0.1359375
1 0.69296875 0.31015625 0.07421875 0.10703125
1 0.61015625 0.3734375 0.09296875 0.128125
2 0.4734375 0.76328125 0.075 0.20234375
2 0.40234375 0.73671875 0.075 0.20234375
2 0.5453125 0.76796875 0.05703125 0.18359375
2 0.60078125 0.82578125 0.06953125 0.196875
2 0.58671875 0.66171875 0.04296875 0.14765625
2 0.62890625 0.6171875 0.04375 0.14609375
2 0.6625 0.5421875 0.04609375 0.13359375
2 0.34609375 0.6609375 0.0671875 0.15
2 0.3796875 0.68046875 0.0703125 0.16328125
2 0.271875 0.5890625 0.0703125 0.1453125
2 0.35234375 0.54609375 0.06015625 0.13203125
2 0.4140625 0.48046875 0.0453125 0.09921875
2 0.521875 0.49609375 0.03984375 0.121875
2 0.49296875 0.47734375 0.03515625 0.10390625
2 0.4484375 0.64609375 0.0640625 0.140625