2 0.609375 0.8578125 0.06015625 0.1921875
2 0.47734375 0.75546875 0.05625 0.18203125
2 0.37265625 0.6671875 0.0703125 0.1828125
2 0.31875 0.6171875 0.0609375 0.175
2 0.29765625 0.546875 0.05859375 0.1390625
2 0.725 0.525 0.0359375 0.1234375
2 0.64765625 0.646875 0.0546875 0.1734375
2 0.55859375 0.571875 0.0421875 0.15
1 0.56328125 0.4140625 0.115625 0.15234375
1 0.6109375 0.47421875 0.109375 0.14609375
1 0.68984375 0.3984375 0.08203125 0.10625
1 0.63671875 0.3390625 0.08125 0.0921875
1 0.7390625 0.33984375 0.06875 0.12421875
1 0.6859375 0.20625 0.05546875 0.0578125
1 0.8 0.26953125 0.06171875 0.103125
1 0.84765625 0.2125 0.04375 0.06953125
1 0.7 0.2890625 0.06328125 0.09140625
1 0.7359375 0.23984375 0.0578125 0.0734375
2 0.4671875 0.50703125 0.05546875 0.1265625