1 0.11015625 0.775 0.21015625 0.234375
1 0.44296875 0.58203125 0.14296875 0.165625
1 0.55625 0.4046875 0.071875 0.07734375
1 0.64375 0.3640625 0.0578125 0.07578125
1 0.64375 0.3234375 0.0421875 0.0421875
1 0.690625 0.3265625 0.0375 0.05
1 0.7140625 0.2984375 0.0265625 0.0359375
1 0.6796875 0.3015625 0.03046875 0.0375
1 0.7578125 0.27421875 0.01796875 0.03046875
2 0.5875 0.35390625 0.01796875 0.05390625
2 0.45859375 0.4453125 0.03515625 0.07890625
2 0.35625 0.49140625 0.0515625 0.09296875
2 0.74609375 0.328125 0.01171875 0.05234375
2 0.76171875 0.29921875 0.00703125 0.0390625
2 0.771875 0.33203125 0.01171875 0.0484375
2 0.77890625 0.28203125 0.00703125 0.0296875
2 0.784375 0.271875 0.00546875 0.028125
2 0.7265625 0.26484375 0.0046875 0.02421875
2 0.73671875 0.26171875 0.00390625 0.0171875