2 0.753125 0.73828125 0.09296875 0.18125
2 0.87421875 0.60625 0.053125 0.14921875
2 0.959375 0.50078125 0.03203125 0.090625
2 0.90859375 0.4296875 0.02265625 0.075
2 0.47734375 0.4515625 0.04140625 0.121875
2 0.3859375 0.4125 0.0328125 0.08515625
2 0.36640625 0.3359375 0.0265625 0.0765625
2 0.3421875 0.34765625 0.025 0.07578125
2 0.29296875 0.25 0.01484375 0.03046875
2 0.3015625 0.29140625 0.0203125 0.04453125
2 0.31640625 0.3296875 0.02421875 0.06328125
1 0.67109375 0.821875 0.2390625 0.35546875
1 0.8765625 0.37109375 0.096875 0.11484375