2 0.88984375 0.93828125 0.0734375 0.1234375
2 0.65859375 0.9390625 0.04765625 0.121875
2 0.66015625 0.7953125 0.03515625 0.11953125
2 0.603125 0.8265625 0.0375 0.13046875
2 0.4515625 0.453125 0.01484375 0.05625
2 0.3390625 0.33359375 0.00859375 0.03125
2 0.340625 0.2953125 0.00625 0.028125
2 0.3109375 0.25625 0.00625 0.02421875
2 0.334375 0.23515625 0.00546875 0.015625
2 0.31953125 0.21484375 0.00625 0.01640625
1 0.48125 0.87578125 0.08984375 0.2
3 0.496875 0.44609375 0.0453125 0.07421875
3 0.46171875 0.38359375 0.0296875 0.06328125
3 0.44609375 0.36171875 0.028125 0.05625
2 0.39375 0.34375 0.009375 0.03515625
1 0.4125 0.34140625 0.02421875 0.0421875
1 0.35234375 0.28515625 0.01796875 0.03359375