2 0.4703125 0.74765625 0.115625 0.3203125
2 0.43046875 0.584375 0.04765625 0.13046875
2 0.365625 0.53515625 0.040625 0.14140625
2 0.26171875 0.4953125 0.0375 0.1078125
2 0.19296875 0.42734375 0.021875 0.0765625
2 0.284375 0.38984375 0.0171875 0.05390625
2 0.68046875 0.5359375 0.03046875 0.10078125
2 0.75078125 0.50859375 0.0265625 0.08046875
2 0.81015625 0.5875 0.0390625 0.10703125
2 0.83984375 0.4859375 0.02890625 0.06171875
1 0.240625 0.390625 0.0359375 0.05703125
1 0.1796875 0.33203125 0.015625 0.0265625
1 0.19375 0.35625 0.0203125 0.03828125
0 0.22109375 0.36171875 0.04453125 0.08828125
0 0.21640625 0.334375 0.03671875 0.04921875
1 0.86171875 0.93828125 0.2765625 0.1234375