1 0.16953125 0.8359375 0.26015625 0.30859375
1 0.6203125 0.79375 0.21015625 0.41171875
1 0.53125 0.48515625 0.1046875 0.11328125
1 0.646875 0.48515625 0.103125 0.165625
1 0.6296875 0.378125 0.05546875 0.06640625
1 0.6765625 0.3375 0.0421875 0.05546875
1 0.7515625 0.3078125 0.0265625 0.04375
3 0.71328125 0.34609375 0.05234375 0.125
2 0.56171875 0.38203125 0.01875 0.0703125
2 0.63125 0.328125 0.015625 0.040625
2 0.7515625 0.2796875 0.009375 0.02265625
2 0.7765625 0.284375 0.00859375 0.0328125
2 0.265625 0.6453125 0.0859375 0.1359375