1 0.57109375 0.915625 0.12578125 0.16875
1 0.69765625 0.93671875 0.1046875 0.1265625
2 0.91640625 0.92578125 0.0625 0.14765625
2 0.85859375 0.9375 0.0609375 0.12421875
2 0.7578125 0.81875 0.05 0.13359375
2 0.39609375 0.84375 0.02890625 0.13125
2 0.39453125 0.68671875 0.025 0.1015625
1 0.5375 0.60625 0.0828125 0.14765625
2 0.55859375 0.55078125 0.0265625 0.09609375
2 0.53125 0.50703125 0.0203125 0.06875
1 0.3484375 0.515625 0.0484375 0.1171875
1 0.41328125 0.503125 0.0546875 0.096875
1 0.4671875 0.47578125 0.05390625 0.10078125
1 0.3609375 0.42578125 0.04375 0.07890625