2 0.85 0.9453125 0.0578125 0.109375
2 0.7640625 0.82265625 0.04140625 0.128125
2 0.59140625 0.92734375 0.0328125 0.14296875
2 0.4421875 0.61171875 0.02109375 0.0875
2 0.38046875 0.3515625 0.00859375 0.03515625
2 0.36328125 0.3421875 0.009375 0.0359375
2 0.334375 0.33203125 0.0078125 0.03359375
2 0.31796875 0.24765625 0.00546875 0.01875
2 0.3265625 0.240625 0.00703125 0.0171875
2 0.31953125 0.23046875 0.0046875 0.01640625
2 0.32734375 0.2265625 0.00625 0.0125
1 0.51953125 0.93359375 0.09921875 0.13203125
1 0.62421875 0.7390625 0.09765625 0.16640625
1 0.4125 0.33984375 0.0265625 0.05859375
3 0.49765625 0.44453125 0.0453125 0.07265625
3 0.4625 0.3859375 0.03046875 0.06328125
3 0.4453125 0.36171875 0.0265625 0.0515625