2 0.596875 0.84375 0.04453125 0.14375
2 0.68828125 0.85546875 0.04609375 0.14609375
2 0.7484375 0.93046875 0.0625 0.1390625
1 0.7875 0.8921875 0.15 0.215625
2 0.63125 0.7015625 0.03046875 0.1125
2 0.46171875 0.47109375 0.015625 0.06171875
2 0.43125 0.39140625 0.0140625 0.046875
2 0.4015625 0.38359375 0.01171875 0.04140625
2 0.396875 0.35625 0.01015625 0.03125
2 0.40703125 0.34609375 0.0140625 0.0359375
2 0.33515625 0.31875 0.01171875 0.0359375
2 0.34140625 0.30234375 0.0109375 0.028125
3 0.4625 0.38359375 0.0296875 0.0609375