2 0.8578125 0.93515625 0.06171875 0.12890625
2 0.75625 0.8984375 0.04765625 0.13515625
2 0.81640625 0.94609375 0.05078125 0.0875
2 0.78671875 0.8625 0.04296875 0.11171875
2 0.7515625 0.76953125 0.04375 0.11875
2 0.73203125 0.81640625 0.0359375 0.10859375
2 0.6921875 0.7640625 0.03828125 0.1078125
2 0.6546875 0.7421875 0.0296875 0.06875
2 0.7015625 0.7203125 0.034375 0.10234375
2 0.59609375 0.853125 0.03203125 0.115625
2 0.4734375 0.94765625 0.03515625 0.1046875
2 0.6140625 0.62265625 0.025 0.084375
2 0.6515625 0.63125 0.025 0.0828125
2 0.5671875 0.5234375 0.0171875 0.06015625
2 0.45859375 0.515625 0.01640625 0.059375
2 0.50390625 0.4734375 0.015625 0.05390625
2 0.5125 0.45078125 0.0171875 0.053125
2 0.48359375 0.4484375 0.0140625 0.05546875
2 0.34140625 0.29140625 0.00703125 0.02578125
2 0.353125 0.2671875 0.00546875 0.02109375
2 0.3390625 0.26015625 0.00546875 0.01953125
1 0.42421875 0.8140625 0.08125 0.1984375
1 0.49609375 0.7421875 0.07890625 0.16953125
1 0.55078125 0.67109375 0.0765625 0.13984375
1 0.6734375 0.85859375 0.12578125 0.21796875
1 0.8125 0.97421875 0.08125 0.0515625
1 0.503125 0.5859375 0.0578125 0.115625
1 0.55703125 0.5734375 0.059375 0.1015625
1 0.46484375 0.46875 0.05390625 0.07890625
1 0.41328125 0.3421875 0.02265625 0.03828125
1 0.403125 0.3296875 0.0171875 0.0296875
3 0.56171875 0.90859375 0.109375 0.1703125
3 0.43828125 0.5859375 0.06484375 0.14609375
3 0.46171875 0.38515625 0.03046875 0.06015625