2 0.390625 0.290625 0.02265625 0.06171875
2 0.30390625 0.23203125 0.021875 0.03046875
2 0.34453125 0.2890625 0.0234375 0.05703125
2 0.36953125 0.29375 0.02421875 0.07265625
2 0.33671875 0.325 0.03203125 0.0703125
2 0.3375 0.36875 0.02890625 0.084375
2 0.37109375 0.42578125 0.03515625 0.10234375
2 0.5234375 0.7234375 0.06875 0.184375
2 0.7921875 0.66875 0.07109375 0.17421875
2 0.846875 0.83359375 0.07265625 0.21328125
2 0.83515625 0.54296875 0.03984375 0.12421875
2 0.871875 0.46015625 0.0328125 0.0953125
2 0.940625 0.41796875 0.034375 0.07421875
2 0.93359375 0.95859375 0.1328125 0.0828125
1 0.50703125 0.55234375 0.1453125 0.18984375