2 0.9703125 0.39453125 0.02578125 0.04609375
2 0.90859375 0.39375 0.03046875 0.07578125
2 0.85078125 0.42109375 0.03359375 0.07890625
2 0.81484375 0.45859375 0.040625 0.10234375
2 0.834375 0.55625 0.05390625 0.134375
2 0.88984375 0.70703125 0.06328125 0.19921875
2 0.61640625 0.81484375 0.09453125 0.20859375
2 0.5203125 0.53359375 0.05625 0.1296875
2 0.3734375 0.4359375 0.03203125 0.09765625
2 0.390625 0.2875 0.025 0.06796875
2 0.37109375 0.290625 0.02109375 0.065625
2 0.34609375 0.29296875 0.0234375 0.06875
2 0.3046875 0.29765625 0.02578125 0.07421875
2 0.325 0.24375 0.0203125 0.04921875
2 0.96484375 0.94375 0.0703125 0.109375
1 0.3703125 0.35625 0.08359375 0.10234375