3 0.74140625 0.8453125 0.15859375 0.30859375
3 0.371875 0.56796875 0.04375 0.13125
3 0.36640625 0.4625 0.0421875 0.07265625
3 0.40078125 0.44375 0.05 0.09765625
3 0.428125 0.38046875 0.0359375 0.04375
3 0.4765625 0.39765625 0.034375 0.06171875
3 0.453125 0.3703125 0.03125 0.06484375
2 0.85625 0.94453125 0.05546875 0.11015625
2 0.82890625 0.88671875 0.05625 0.125
2 0.625 0.94375 0.046875 0.1125
2 0.5203125 0.8921875 0.04296875 0.13515625
2 0.484375 0.9265625 0.0390625 0.13671875
2 0.43671875 0.93671875 0.034375 0.1265625
2 0.5875 0.5640625 0.0203125 0.0703125
2 0.565625 0.5828125 0.01875 0.07734375
2 0.55546875 0.5421875 0.01640625 0.0375
2 0.471875 0.54765625 0.0203125 0.06640625
2 0.45546875 0.55546875 0.01640625 0.06015625
2 0.43671875 0.5296875 0.01875 0.040625
2 0.34609375 0.5125 0.015625 0.0578125
2 0.35 0.48125 0.0421875 0.0703125
2 0.42421875 0.4890625 0.01796875 0.059375
2 0.49921875 0.45390625 0.0140625 0.05078125
2 0.471875 0.425 0.015625 0.04921875
2 0.32734375 0.38515625 0.0109375 0.0453125
2 0.3484375 0.33125 0.009375 0.03359375
2 0.34921875 0.3046875 0.009375 0.0296875
2 0.38671875 0.31953125 0.009375 0.02265625
1 0.58515625 0.7984375 0.10078125 0.1921875
1 0.6234375 0.63125 0.0734375 0.1328125
1 0.53359375 0.58828125 0.071875 0.1203125
1 0.4921875 0.64453125 0.06796875 0.1328125
1 0.4921875 0.5015625 0.04609375 0.08359375
1 0.45546875 0.4703125 0.03828125 0.06171875
1 0.440625 0.421875 0.0421875 0.0609375
1 0.37890625 0.3796875 0.0234375 0.04140625
1 0.346875 0.40078125 0.0265625 0.05390625
1 0.34609375 0.3640625 0.0234375 0.0453125
1 0.38984375 0.353125 0.02890625 0.046875
1 0.41328125 0.33828125 0.025 0.03984375
1 0.36953125 0.32890625 0.021875 0.0421875
1 0.33359375 0.3109375 0.01640625 0.034375
0 0.434375 0.671875 0.11015625 0.2796875
1 0.4015625 0.31796875 0.01953125 0.03359375
1 0.3859375 0.29765625 0.015625 0.0265625