1 0.21953125 0.63125 0.31640625 0.44140625
1 0.62890625 0.65703125 0.1859375 0.39921875
2 0.50390625 0.5875 0.06484375 0.234375
2 0.57421875 0.51328125 0.06171875 0.22421875
2 0.73984375 0.48046875 0.04765625 0.19140625
2 0.49296875 0.47578125 0.04609375 0.18671875
2 0.61484375 0.42890625 0.04296875 0.15390625
2 0.67578125 0.4171875 0.04609375 0.115625
2 0.71171875 0.40625 0.03125 0.14453125
2 0.7265625 0.196875 0.02109375 0.07265625
1 0.734375 0.3390625 0.0859375 0.153125
1 0.734375 0.253125 0.06015625 0.12578125