2 0.59453125 0.753125 0.078125 0.3671875
2 0.71171875 0.75 0.07109375 0.29296875
2 0.47421875 0.74140625 0.1015625 0.31171875
2 0.72421875 0.2171875 0.01953125 0.08359375
2 0.678125 0.47109375 0.03984375 0.12421875
2 0.453125 0.484375 0.06953125 0.2046875
2 0.775 0.43515625 0.03984375 0.18359375
2 0.6765625 0.47109375 0.04296875 0.1234375
1 0.721875 0.34140625 0.078125 0.15390625
1 0.7515625 0.15390625 0.03515625 0.053125
2 0.6765625 0.44375 0.04296875 0.17734375
2 0.5234375 0.55 0.0625 0.225
2 0.5703125 0.48125 0.04765625 0.17890625
2 0.6046875 0.56640625 0.0546875 0.2125
2 0.72265625 0.55703125 0.0640625 0.19296875
2 0.63046875 0.48046875 0.04609375 0.19765625
2 0.73515625 0.4765625 0.046875 0.1796875
2 0.74375 0.38671875 0.0375 0.12890625
2 0.66484375 0.30390625 0.03046875 0.121875
2 0.65 0.2609375 0.02578125 0.10078125
2 0.6640625 0.22578125 0.0203125 0.08203125
3 0.06171875 0.8484375 0.1234375 0.303125