1 0.62578125 0.49609375 0.17265625 0.2984375
1 0.4 0.46015625 0.18359375 0.278125
1 0.7109375 0.34375 0.08671875 0.15
1 0.6140625 0.28046875 0.07578125 0.11875
1 0.5265625 0.35234375 0.09453125 0.153125
2 0.6765625 0.7265625 0.08203125 0.31875
2 0.4765625 0.528125 0.0703125 0.2328125
2 0.7421875 0.54296875 0.07265625 0.22734375
2 0.61328125 0.671875 0.0875 0.26640625
2 0.29140625 0.47578125 0.0796875 0.21328125
2 0.34296875 0.390625 0.040625 0.11796875
2 0.5234375 0.4515625 0.046875 0.18125
2 0.5671875 0.3953125 0.04140625 0.16015625
2 0.75234375 0.4234375 0.0375 0.13359375
2 0.78125 0.390625 0.02890625 0.134375
2 0.55625 0.2578125 0.0265625 0.0859375
2 0.609375 0.3453125 0.034375 0.10546875
2 0.63671875 0.3046875 0.028125 0.09765625
2 0.66640625 0.290625 0.02578125 0.12421875
2 0.6921875 0.2609375 0.02578125 0.096875
1 0.66015625 0.2234375 0.0578125 0.09296875
1 0.69296875 0.19140625 0.0375 0.0671875