1 0.23984375 0.38984375 0.0359375 0.06015625
1 0.19453125 0.35546875 0.021875 0.0390625
1 0.1703125 0.32734375 0.01484375 0.02265625
0 0.22109375 0.36015625 0.04453125 0.090625
0 0.215625 0.3296875 0.03515625 0.04453125
2 0.27890625 0.39140625 0.0109375 0.04921875
2 0.21796875 0.4625 0.02265625 0.08359375
2 0.33515625 0.57734375 0.04765625 0.125
2 0.52578125 0.6921875 0.0609375 0.17265625
2 0.66640625 0.7875 0.0875 0.1984375
2 0.67578125 0.59921875 0.0390625 0.12890625
2 0.734375 0.56640625 0.028125 0.10234375
2 0.79140625 0.503125 0.02421875 0.06953125
2 0.8140625 0.5375 0.025 0.09453125
2 0.615625 0.8625 0.1625 0.275