2 0.46875 0.86640625 0.09609375 0.26640625
2 0.44140625 0.71796875 0.07109375 0.2140625
2 0.39765625 0.52421875 0.04921875 0.1265625
2 0.55390625 0.559375 0.040625 0.15859375
2 0.53203125 0.4765625 0.03046875 0.11484375
2 0.6390625 0.4375 0.02109375 0.10859375
2 0.71328125 0.4734375 0.0328125 0.128125
2 0.66953125 0.384375 0.0171875 0.090625
2 0.68203125 0.36484375 0.0203125 0.07265625
3 0.71640625 0.3921875 0.0578125 0.11796875
1 0.18203125 0.57578125 0.146875 0.13203125
1 0.77734375 0.340625 0.034375 0.06484375
1 0.7296875 0.32265625 0.0328125 0.03984375