1 0.82890625 0.4875 0.0640625 0.171875
1 0.9328125 0.39296875 0.05703125 0.09375
1 0.3671875 0.28125 0.0546875 0.06484375
1 0.35234375 0.234375 0.04140625 0.04765625
2 0.82734375 0.6625 0.0515625 0.1578125
2 0.95234375 0.82578125 0.06953125 0.1546875
2 0.96640625 0.70703125 0.0625 0.13515625
2 0.32890625 0.2703125 0.02109375 0.0515625
2 0.3109375 0.259375 0.0125 0.0296875
2 0.315625 0.22734375 0.009375 0.040625
2 0.30078125 0.25234375 0.0140625 0.03125
2 0.30390625 0.22109375 0.009375 0.03671875