1 0.1734375 0.32421875 0.0140625 0.01796875
1 0.21640625 0.37421875 0.025 0.03828125
1 0.2375 0.384375 0.03125 0.0421875
2 0.19296875 0.3375 0.00625 0.021875
2 0.234375 0.40078125 0.015625 0.04921875
2 0.22890625 0.3953125 0.0109375 0.04296875
2 0.26015625 0.396875 0.01640625 0.04765625
2 0.2546875 0.39296875 0.01171875 0.04609375
2 0.26953125 0.39296875 0.01328125 0.04453125
2 0.2859375 0.396875 0.01484375 0.05078125
2 0.309375 0.4015625 0.0109375 0.053125
2 0.5609375 0.634375 0.0828125 0.14453125