1 0.33359375 0.334375 0.05546875 0.0734375
2 0.11015625 0.784375 0.1078125 0.225
2 0.03359375 0.6046875 0.0671875 0.16875
2 0.38359375 0.509375 0.04140625 0.13046875
2 0.4328125 0.365625 0.01328125 0.078125
2 0.45625 0.35625 0.0171875 0.08359375
2 0.3984375 0.35625 0.0171875 0.08125
1 0.35546875 0.45859375 0.08515625 0.1265625
1 0.4921875 0.39609375 0.0515625 0.11640625
1 0.98359375 0.4734375 0.0328125 0.0984375
1 0.5125 0.30625 0.03125 0.06171875
1 0.48203125 0.24921875 0.01953125 0.0453125
2 0.54609375 0.284375 0.01328125 0.04296875