1 0.678125 0.22109375 0.06875 0.11484375
1 0.56484375 0.59296875 0.20390625 0.40390625
1 0.38359375 0.49453125 0.20234375 0.30078125
1 0.52734375 0.34140625 0.11953125 0.19921875
1 0.609375 0.26328125 0.07421875 0.14140625
1 0.75234375 0.1453125 0.03359375 0.05703125
2 0.68359375 0.6046875 0.0578125 0.24765625
2 0.73125 0.23203125 0.015625 0.0890625
2 0.7328125 0.51953125 0.0453125 0.2109375
2 0.67109375 0.4390625 0.03046875 0.16015625
2 0.28125 0.4859375 0.0734375 0.21328125
2 0.325 0.40390625 0.0671875 0.125
2 0.384375 0.35078125 0.05390625 0.0765625
2 0.43828125 0.32890625 0.0390625 0.1
2 0.48125 0.31171875 0.0390625 0.1203125
2 0.56875 0.22421875 0.02890625 0.04296875