1 0.67578125 0.41796875 0.08828125 0.06953125
1 0.534375 0.42109375 0.08828125 0.0671875
1 0.35 0.496875 0.090625 0.09921875
1 0.4625 0.3859375 0.0515625 0.05625
1 0.37421875 0.3921875 0.03046875 0.05
3 0.815625 0.384375 0.06171875 0.08046875
2 0.665625 0.49140625 0.0359375 0.103125
2 0.86015625 0.6203125 0.0390625 0.14453125
2 0.73671875 0.4046875 0.021875 0.0640625
2 0.75 0.39765625 0.01484375 0.059375
2 0.7828125 0.39375 0.01484375 0.0578125
2 0.6171875 0.41015625 0.028125 0.0640625
1 0.578125 0.4015625 0.07265625 0.0640625
2 0.39453125 0.4109375 0.01015625 0.0515625
2 0.37109375 0.43671875 0.01953125 0.04453125
2 0.4265625 0.37421875 0.0109375 0.0453125