1 0.58359375 0.45234375 0.08828125 0.0828125
3 0.0765625 0.67109375 0.15078125 0.16875
2 0.36796875 0.5390625 0.0609375 0.10234375
2 0.5140625 0.45625 0.028125 0.06484375
2 0.38984375 0.509375 0.0328125 0.09140625
2 0.34765625 0.52265625 0.0390625 0.0921875
2 0.48046875 0.48359375 0.03125 0.0734375
2 0.78984375 0.4953125 0.01875 0.090625
2 0.79921875 0.44609375 0.01953125 0.07265625
2 0.41640625 0.3765625 0.01015625 0.04296875
3 0.40390625 0.36328125 0.0296875 0.046875
3 0.38984375 0.34453125 0.0328125 0.0640625