1 0.9703125 0.390625 0.0546875 0.06953125
1 0.3609375 0.253125 0.04921875 0.05234375
2 0.90703125 0.41015625 0.03203125 0.09296875
2 0.7375 0.4390625 0.065625 0.1140625
2 0.62109375 0.47578125 0.0765625 0.12890625
2 0.53125 0.44453125 0.06484375 0.1046875
2 0.46875 0.525 0.075 0.12578125
2 0.41953125 0.4890625 0.0796875 0.11640625
2 0.27890625 0.52578125 0.08046875 0.11015625
2 0.35078125 0.6640625 0.10234375 0.1453125
2 0.2609375 0.8 0.09296875 0.14609375
2 0.9125 0.87734375 0.10078125 0.14375
2 0.3359375 0.34296875 0.0265625 0.06953125
2 0.3109375 0.30234375 0.02265625 0.0875
2 0.309375 0.225 0.01484375 0.0484375