1 0.25078125 0.54375 0.10703125 0.103125
1 0.73046875 0.39609375 0.05859375 0.05390625
2 0.56015625 0.6 0.0296875 0.115625
2 0.7390625 0.57734375 0.03515625 0.11640625
2 0.85625 0.615625 0.04921875 0.153125
2 0.83203125 0.38984375 0.0140625 0.04765625
1 0.83515625 0.36796875 0.0328125 0.04921875
2 0.69375 0.4125 0.01796875 0.065625
2 0.70546875 0.44765625 0.01640625 0.07890625
2 0.40078125 0.37109375 0.0109375 0.03828125
2 0.41640625 0.3625 0.009375 0.03515625
1 0.396875 0.3609375 0.0265625 0.0421875
2 0.38046875 0.359375 0.00859375 0.03671875