1 0.73984375 0.28046875 0.06171875 0.14921875
1 0.5875 0.62109375 0.1875 0.36015625
1 0.503125 0.47109375 0.19765625 0.315625
1 0.6125 0.33125 0.09375 0.15625
2 0.753125 0.6515625 0.06171875 0.27421875
2 0.7140625 0.52109375 0.046875 0.2140625
2 0.34765625 0.52578125 0.07890625 0.19921875
2 0.29375 0.48046875 0.07109375 0.2046875
2 0.58046875 0.26953125 0.03203125 0.10234375
2 0.528125 0.29765625 0.03203125 0.065625
2 0.40703125 0.4359375 0.05625 0.171875
2 0.371875 0.4015625 0.04453125 0.134375