1 0.628125 0.46640625 0.15390625 0.28515625
1 0.60390625 0.3140625 0.096875 0.15
2 0.4609375 0.7421875 0.15234375 0.2796875
2 0.66875 0.6125 0.07421875 0.2453125
2 0.6828125 0.2015625 0.02421875 0.08671875
2 0.77109375 0.65703125 0.08046875 0.26875
2 0.5140625 0.615625 0.0765625 0.2375
2 0.26015625 0.47109375 0.07421875 0.1984375
2 0.3171875 0.47265625 0.090625 0.20859375
2 0.3375 0.40078125 0.06796875 0.13671875
2 0.403125 0.36640625 0.05390625 0.14765625
2 0.7171875 0.5 0.04765625 0.20546875
2 0.77578125 0.3546875 0.02421875 0.06171875
2 0.46640625 0.33515625 0.04140625 0.1390625
2 0.50625 0.3078125 0.03828125 0.1203125
2 0.53828125 0.27578125 0.03671875 0.11796875