1 0.58671875 0.5453125 0.15546875 0.32890625
1 0.465625 0.4234375 0.14296875 0.19609375
1 0.57890625 0.28984375 0.08515625 0.1359375
1 0.65 0.31640625 0.09921875 0.1515625
1 0.71953125 0.39296875 0.1109375 0.20859375
1 0.69453125 0.19453125 0.06796875 0.1015625
2 0.69609375 0.76796875 0.09921875 0.33515625
2 0.71328125 0.5734375 0.0765625 0.2390625
2 0.51796875 0.4890625 0.05 0.16953125
2 0.3046875 0.553125 0.096875 0.2296875
2 0.1859375 0.56875 0.1171875 0.2546875
2 0.3390625 0.4265625 0.0703125 0.15
2 0.41640625 0.3625 0.05703125 0.1484375