1 0.47265625 0.3859375 0.046875 0.06640625
1 0.4671875 0.54765625 0.06640625 0.1234375
1 0.73203125 0.91796875 0.13515625 0.15859375
1 0.415625 0.76328125 0.09140625 0.20859375
1 0.55859375 0.86484375 0.125 0.26875
1 0.8609375 0.91328125 0.175 0.1734375
1 0.56640625 0.68359375 0.09765625 0.18359375
1 0.59375 0.5859375 0.08515625 0.15390625
1 0.51171875 0.4515625 0.0578125 0.1
1 0.38671875 0.6078125 0.059375 0.14296875
1 0.38828125 0.5234375 0.053125 0.11328125
1 0.36484375 0.44765625 0.04765625 0.10859375
1 0.3625 0.334375 0.0359375 0.07265625
2 0.40234375 0.95 0.03984375 0.09921875
2 0.44296875 0.93203125 0.0359375 0.1359375
2 0.484375 0.89296875 0.03515625 0.1609375
2 0.51796875 0.95234375 0.03359375 0.09453125
2 0.371875 0.8921875 0.034375 0.14453125
2 0.3546875 0.7890625 0.0296875 0.12578125
2 0.47421875 0.759375 0.028125 0.121875
2 0.509375 0.72890625 0.0328125 0.08359375
2 0.4609375 0.675 0.03046875 0.10390625
2 0.82265625 0.80234375 0.05546875 0.07265625
2 0.75546875 0.79453125 0.05625 0.13125
2 0.77578125 0.74296875 0.0484375 0.11328125
2 0.71640625 0.69296875 0.034375 0.11640625
2 0.7 0.72265625 0.034375 0.11015625
2 0.66640625 0.73515625 0.0375 0.11953125
2 0.628125 0.69453125 0.0328125 0.11484375
2 0.671875 0.64453125 0.02890625 0.1
2 0.653125 0.58359375 0.02734375 0.09140625
2 0.925 0.9203125 0.065625 0.159375
2 0.5265625 0.54765625 0.0265625 0.06484375
2 0.6140625 0.54375 0.03125 0.0796875
2 0.54921875 0.4546875 0.021875 0.06875
2 0.4296875 0.5 0.02265625 0.07421875
2 0.42265625 0.42734375 0.0234375 0.06796875
2 0.32265625 0.42109375 0.01875 0.06171875