2 0.5875 0.65390625 0.05234375 0.30078125
2 0.696875 0.621875 0.05703125 0.28984375
2 0.7703125 0.55703125 0.05625 0.25
2 0.64921875 0.54296875 0.0515625 0.221875
2 0.5453125 0.57890625 0.06015625 0.25
2 0.6078125 0.3859375 0.04609375 0.16328125
2 0.3890625 0.47578125 0.0546875 0.18359375
2 0.325 0.46484375 0.065625 0.19453125
1 0.48359375 0.4640625 0.18046875 0.28203125
1 0.5671875 0.2859375 0.1015625 0.125
1 0.65859375 0.2359375 0.06484375 0.1078125
1 0.70234375 0.19375 0.0453125 0.08203125
2 0.73125 0.22265625 0.021875 0.08828125