2 0.52109375 0.96171875 0.03984375 0.07578125
2 0.5734375 0.70078125 0.0328125 0.1078125
2 0.3921875 0.3859375 0.01171875 0.04609375
2 0.38359375 0.3296875 0.009375 0.0359375
2 0.36015625 0.32578125 0.01015625 0.03046875
2 0.3640625 0.3109375 0.0078125 0.02734375
2 0.34296875 0.26015625 0.00546875 0.01796875
2 0.33671875 0.24765625 0.0046875 0.015625
2 0.334375 0.23828125 0.00390625 0.01328125
2 0.30859375 0.2265625 0.0046875 0.0140625
2 0.31328125 0.2234375 0.00390625 0.0125
3 0.46171875 0.38515625 0.0296875 0.06171875
1 0.41328125 0.3421875 0.021875 0.0390625
1 0.403125 0.33046875 0.01796875 0.034375
1 0.32890625 0.275 0.0140625 0.0234375
1 0.33046875 0.24921875 0.0109375 0.0171875
1 0.32578125 0.23671875 0.0109375 0.0140625