1 0.62578125 0.50078125 0.17265625 0.30546875
1 0.4 0.4609375 0.18359375 0.2765625
1 0.71171875 0.34375 0.0875 0.15
1 0.5296875 0.35078125 0.10234375 0.146875
1 0.696875 0.1984375 0.04296875 0.08046875
1 0.65625 0.234375 0.06484375 0.10546875
1 0.615625 0.28203125 0.08046875 0.1234375
2 0.67734375 0.72890625 0.07265625 0.31640625
2 0.759375 0.4859375 0.05 0.19375
2 0.2921875 0.47421875 0.078125 0.19453125
2 0.34296875 0.39375 0.04296875 0.11875
2 0.47265625 0.5296875 0.06015625 0.23359375
2 0.52421875 0.4515625 0.04921875 0.18828125
2 0.7265625 0.57265625 0.05 0.2265625
2 0.578125 0.38671875 0.0421875 0.14453125
2 0.64296875 0.3078125 0.03125 0.08828125
2 0.74296875 0.2515625 0.0296875 0.08828125
2 0.75625 0.1734375 0.0171875 0.06875