1 0.58125 0.66171875 0.1 0.140625
1 0.49453125 0.48125 0.059375 0.09765625
1 0.53203125 0.546875 0.06875 0.09921875
2 0.3625 0.9453125 0.03984375 0.109375
2 0.5296875 0.9484375 0.040625 0.10234375
2 0.7015625 0.96015625 0.05703125 0.07890625
2 0.93515625 0.94609375 0.06875 0.10703125
2 0.84765625 0.8984375 0.06953125 0.1765625
2 0.83515625 0.8140625 0.053125 0.09765625
2 0.7703125 0.828125 0.04765625 0.13359375
2 0.31875 0.73046875 0.02578125 0.1125
2 0.3375 0.6609375 0.02890625 0.1140625
2 0.41796875 0.596875 0.03125 0.09453125
2 0.40078125 0.53671875 0.02109375 0.08125
2 0.328125 0.471875 0.01875 0.071875
2 0.4234375 0.45703125 0.01796875 0.07265625
2 0.75546875 0.72578125 0.04375 0.11328125
2 0.7140625 0.73515625 0.03984375 0.1234375
2 0.665625 0.66171875 0.034375 0.0828125
2 0.68828125 0.6359375 0.03125 0.10078125
2 0.66484375 0.634375 0.034375 0.07109375
2 0.625 0.63515625 0.03046875 0.09765625
2 0.64375 0.578125 0.02734375 0.08203125
2 0.61640625 0.57734375 0.02578125 0.065625
2 0.5921875 0.55390625 0.0265625 0.08125
2 0.3046875 0.225 0.00859375 0.03125
1 0.43671875 0.8921875 0.1015625 0.215625
1 0.6109375 0.91171875 0.13125 0.17578125
1 0.8 0.95390625 0.13203125 0.09140625
1 0.6875 0.7921875 0.128125 0.221875
1 0.53359375 0.7203125 0.0984375 0.2046875
1 0.41484375 0.69765625 0.08125 0.1875
1 0.46953125 0.60859375 0.07109375 0.13359375
1 0.3671875 0.5671875 0.0546875 0.1234375
1 0.45703125 0.415625 0.0453125 0.08671875
1 0.3953125 0.32578125 0.0359375 0.05390625
1 0.39375 0.2765625 0.03671875 0.046875