1 0.36015625 0.46875 0.04609375 0.0875
1 0.6109375 0.75390625 0.11640625 0.2
1 0.36875 0.31328125 0.03671875 0.0546875
1 0.51875 0.54453125 0.071875 0.14609375
1 0.346875 0.37734375 0.034375 0.065625
3 0.3265625 0.20390625 0.02890625 0.05859375
2 0.38828125 0.92734375 0.0328125 0.1453125
2 0.4296875 0.95234375 0.034375 0.09453125
2 0.41953125 0.86328125 0.03671875 0.12734375
2 0.3640625 0.8734375 0.03671875 0.15234375
2 0.35234375 0.790625 0.03359375 0.1125
2 0.39140625 0.7828125 0.0296875 0.11484375
2 0.403125 0.73125 0.03046875 0.11484375
2 0.365625 0.7171875 0.0265625 0.128125
2 0.37421875 0.6328125 0.028125 0.11484375
2 0.5390625 0.765625 0.034375 0.13671875
2 0.60625 0.93984375 0.0390625 0.1203125
2 0.59921875 0.8640625 0.0515625 0.14765625
2 0.6875 0.9234375 0.04609375 0.153125
2 0.74921875 0.925 0.0640625 0.14921875
2 0.821875 0.9546875 0.05625 0.090625
2 0.846875 0.93125 0.065625 0.1375
2 0.77109375 0.83515625 0.05390625 0.1625
2 0.709375 0.78671875 0.04453125 0.128125
2 0.646875 0.71484375 0.03125 0.11484375
2 0.6578125 0.615625 0.03203125 0.09609375
2 0.60859375 0.6515625 0.03125 0.07109375
2 0.58984375 0.5328125 0.02421875 0.08515625
2 0.54296875 0.4734375 0.03046875 0.075
2 0.4234375 0.528125 0.01953125 0.0796875
2 0.384375 0.4140625 0.0203125 0.0671875
2 0.34765625 0.40390625 0.015625 0.05
2 0.38046875 0.36484375 0.01640625 0.04296875
2 0.334375 0.27890625 0.01328125 0.046875