1 0.58359375 0.665625 0.10078125 0.14375
1 0.534375 0.45390625 0.06328125 0.09296875
1 0.43671875 0.8921875 0.1 0.215625
1 0.61015625 0.91015625 0.134375 0.17890625
1 0.8 0.9515625 0.134375 0.096875
1 0.6875 0.79296875 0.1296875 0.221875
1 0.53359375 0.7203125 0.09921875 0.20859375
1 0.41484375 0.69609375 0.078125 0.1828125
1 0.46953125 0.60625 0.07265625 0.13125
1 0.53671875 0.55859375 0.07265625 0.128125
1 0.49609375 0.4859375 0.05625 0.10546875
1 0.4578125 0.41328125 0.04609375 0.0828125
1 0.42734375 0.371875 0.03671875 0.06796875
1 0.365625 0.5703125 0.05390625 0.12734375
1 0.40546875 0.47265625 0.05 0.09140625
1 0.33515625 0.4453125 0.034375 0.09609375
1 0.31953125 0.23828125 0.021875 0.03828125
1 0.3421875 0.22109375 0.0234375 0.03828125
2 0.3625 0.94765625 0.034375 0.1046875
2 0.5296875 0.94296875 0.0390625 0.11328125
2 0.3625 0.86328125 0.034375 0.11640625
2 0.35234375 0.7921875 0.034375 0.1140625
2 0.3515625 0.721875 0.03203125 0.08359375
2 0.34375 0.66171875 0.02578125 0.05625
2 0.3296875 0.6328125 0.0234375 0.0890625
2 0.70234375 0.9578125 0.05625 0.08359375
2 0.9359375 0.9453125 0.06796875 0.109375
2 0.8453125 0.89921875 0.0703125 0.18046875
2 0.8359375 0.82109375 0.053125 0.1109375
2 0.77109375 0.82734375 0.046875 0.13671875
2 0.78125 0.76640625 0.04453125 0.134375
2 0.74140625 0.7171875 0.03828125 0.103125
2 0.7140625 0.7328125 0.0375 0.11015625
2 0.69453125 0.6671875 0.0375 0.08671875
2 0.66875 0.6671875 0.03359375 0.0875
2 0.66953125 0.6203125 0.03359375 0.09140625
2 0.62578125 0.634375 0.03203125 0.09765625
2 0.63359375 0.5625 0.02421875 0.08671875
2 0.59375 0.5484375 0.0296875 0.09609375
2 0.41796875 0.596875 0.02734375 0.08125
2 0.40625 0.5546875 0.02109375 0.08046875
2 0.42734375 0.525 0.01640625 0.0828125
2 0.4453125 0.47265625 0.01875 0.07265625
2 0.40625 0.3953125 0.01328125 0.06484375
2 0.484375 0.37421875 0.01875 0.06484375
2 0.36171875 0.37890625 0.01328125 0.06171875
2 0.3640625 0.35390625 0.01484375 0.0640625
2 0.396875 0.28125 0.0140625 0.03828125
2 0.31796875 0.2671875 0.0109375 0.04296875