1 0.703125 0.19765625 0.04609375 0.0953125
1 0.7515625 0.14453125 0.03203125 0.06484375
1 0.659375 0.23828125 0.06171875 0.0921875
1 0.5671875 0.278125 0.10078125 0.12109375
1 0.4875 0.4640625 0.17421875 0.28671875
2 0.68984375 0.6296875 0.065625 0.27734375
2 0.590625 0.65546875 0.059375 0.3140625
2 0.546875 0.58203125 0.06015625 0.27734375
2 0.7640625 0.55234375 0.046875 0.25625
2 0.71953125 0.41171875 0.0453125 0.17578125
2 0.6046875 0.39609375 0.03125 0.16015625
2 0.64375 0.3515625 0.03203125 0.146875
2 0.58515625 0.35234375 0.034375 0.1453125
2 0.32890625 0.46875 0.0671875 0.190625
2 0.39140625 0.46015625 0.05234375 0.1796875
2 0.3828125 0.36640625 0.0515625 0.09609375