2 0.596875 0.85703125 0.04140625 0.153125
2 0.38359375 0.64765625 0.02421875 0.1
2 0.37109375 0.49609375 0.01796875 0.07265625
2 0.3625 0.41484375 0.015625 0.05390625
1 0.46796875 0.675 0.0640625 0.15234375
1 0.465625 0.534375 0.0609375 0.103125
1 0.42890625 0.43515625 0.03984375 0.06875
2 0.5046875 0.44296875 0.01796875 0.05859375
2 0.34375 0.35859375 0.01171875 0.03671875
2 0.3921875 0.33984375 0.01015625 0.034375
2 0.4265625 0.35390625 0.01171875 0.03515625
2 0.3671875 0.3265625 0.01015625 0.03359375
2 0.3703125 0.31015625 0.009375 0.03203125
1 0.39609375 0.3125 0.021875 0.0359375
1 0.3578125 0.296875 0.01640625 0.02734375
2 0.3421875 0.28984375 0.0078125 0.02578125