2 0.32734375 0.525 0.08203125 0.13203125
2 0.21328125 0.575 0.07890625 0.09609375
2 0.790625 0.41953125 0.0640625 0.09140625
2 0.6421875 0.36484375 0.06171875 0.0765625
2 0.90078125 0.39921875 0.03046875 0.08359375
2 0.93984375 0.4 0.02734375 0.05078125
2 0.3265625 0.325 0.03046875 0.05
2 0.31171875 0.25859375 0.0109375 0.04453125
2 0.31875 0.26328125 0.0078125 0.0453125
2 0.328125 0.27265625 0.01875 0.05390625
1 0.36328125 0.278125 0.053125 0.075
1 0.35234375 0.23046875 0.03515625 0.04375
1 0.29765625 0.228125 0.03046875 0.0578125