1 0.4984375 0.5734375 0.14453125 0.2125
1 0.9328125 0.36640625 0.06796875 0.0890625
1 0.3515625 0.23984375 0.05 0.059375
1 0.28984375 0.225 0.025 0.04453125
2 0.55625 0.83359375 0.07265625 0.20625
2 0.39609375 0.36015625 0.03203125 0.0765625
2 0.34609375 0.34296875 0.0140625 0.06953125
2 0.32578125 0.2828125 0.01328125 0.053125
2 0.3171875 0.30703125 0.01875 0.06171875
2 0.2984375 0.2984375 0.0203125 0.0640625
2 0.5328125 0.4796875 0.0453125 0.12578125
2 0.88046875 0.4640625 0.0359375 0.11015625
2 0.92265625 0.7984375 0.07265625 0.175
2 0.94453125 0.5125 0.04296875 0.1140625
2 0.98671875 0.428125 0.01796875 0.07265625