2 0.32421875 0.88515625 0.09921875 0.1890625
2 0.4703125 0.4890625 0.040625 0.078125
2 0.103125 0.61875 0.06328125 0.1125
2 0.29453125 0.54296875 0.04765625 0.1046875
2 0.35 0.534375 0.04453125 0.10234375
2 0.3890625 0.4953125 0.04453125 0.084375
2 0.5703125 0.46171875 0.03046875 0.0875
2 0.74921875 0.39921875 0.0234375 0.0546875
2 0.79453125 0.5359375 0.02734375 0.09921875
3 0.815625 0.37265625 0.0546875 0.07578125
3 0.40234375 0.40390625 0.04453125 0.08125
2 0.3484375 0.37890625 0.0109375 0.0453125
1 0.428125 0.36015625 0.025 0.04453125