2 0.6078125 0.78515625 0.05859375 0.25546875
2 0.7 0.61015625 0.04609375 0.1734375
2 0.69765625 0.5109375 0.0296875 0.128125
2 0.73671875 0.4546875 0.02421875 0.1046875
2 0.75 0.4046875 0.0234375 0.0796875
2 0.5 0.47109375 0.03671875 0.0984375
2 0.56875 0.4296875 0.0265625 0.09140625
2 0.6109375 0.378125 0.021875 0.0765625
2 0.5390625 0.41875 0.025 0.09453125
2 0.2375 0.6671875 0.08515625 0.153125
2 0.12734375 0.57109375 0.04765625 0.103125
2 0.6390625 0.3609375 0.01484375 0.06796875
2 0.6203125 0.33203125 0.01328125 0.0421875
3 0.6734375 0.371875 0.06484375 0.15234375
1 0.4296875 0.5828125 0.1515625 0.16328125
1 0.58828125 0.56640625 0.13046875 0.2296875
1 0.2921875 0.54140625 0.1640625 0.1359375
1 0.0234375 0.64453125 0.046875 0.1390625
1 0.74296875 0.35 0.040625 0.078125
1 0.73671875 0.303125 0.025 0.04921875
1 0.76484375 0.334375 0.02890625 0.06484375