1 0.215625 0.37421875 0.0234375 0.0359375
1 0.23671875 0.38203125 0.0296875 0.03828125
2 0.30390625 0.39609375 0.0109375 0.05078125
2 0.2859375 0.39609375 0.0140625 0.05234375
2 0.2703125 0.390625 0.01171875 0.05234375
2 0.26015625 0.396875 0.01484375 0.046875
2 0.23515625 0.40078125 0.01640625 0.04921875
2 0.22890625 0.3953125 0.0109375 0.04453125
2 0.25390625 0.3921875 0.0109375 0.0484375
2 0.18515625 0.3328125 0.00546875 0.02109375
2 0.39296875 0.5796875 0.071875 0.1234375
1 0.16796875 0.32109375 0.01171875 0.01875