1 0.38828125 0.30390625 0.065625 0.090625
1 0.321875 0.23984375 0.03828125 0.0625
1 0.6171875 0.378125 0.12734375 0.1203125
2 0.39921875 0.9140625 0.09921875 0.171875
2 0.24765625 0.5640625 0.07109375 0.1421875
2 0.3546875 0.4796875 0.03203125 0.128125
2 0.5671875 0.4921875 0.05703125 0.14296875
2 0.49453125 0.40859375 0.034375 0.10390625
2 0.4671875 0.3578125 0.03671875 0.08046875
2 0.43984375 0.303125 0.03046875 0.0734375
2 0.4984375 0.31875 0.034375 0.0890625
2 0.86484375 0.37578125 0.03203125 0.0625
2 0.9765625 0.4234375 0.02265625 0.05078125