1 0.50234375 0.49140625 0.065625 0.1015625
1 0.55703125 0.47734375 0.065625 0.103125
1 0.42890625 0.371875 0.0390625 0.06171875
1 0.64296875 0.92109375 0.1328125 0.1578125
1 0.73984375 0.9015625 0.1484375 0.196875
1 0.43515625 0.759375 0.0953125 0.21796875
1 0.5015625 0.68359375 0.09375 0.1609375
1 0.571875 0.62578125 0.084375 0.15859375
1 0.36875 0.57578125 0.05703125 0.1234375
1 0.4140625 0.5015625 0.0546875 0.103125
1 0.3375 0.4609375 0.04140625 0.10546875
1 0.38203125 0.40078125 0.040625 0.075
1 0.4578125 0.41796875 0.046875 0.08515625
1 0.50625 0.4078125 0.04921875 0.0796875
1 0.32109375 0.37421875 0.03515625 0.07578125
1 0.36171875 0.36015625 0.03203125 0.071875
2 0.4140625 0.9296875 0.053125 0.13984375
2 0.365625 0.82890625 0.0359375 0.13125
2 0.359375 0.73203125 0.0328125 0.11171875
2 0.3359375 0.6578125 0.02578125 0.096875
2 0.4265625 0.63359375 0.02734375 0.07265625
2 0.8453125 0.92578125 0.07265625 0.14765625
2 0.82890625 0.8390625 0.05546875 0.10859375
2 0.746875 0.74453125 0.04765625 0.14296875
2 0.66484375 0.67265625 0.03515625 0.11484375
2 0.61171875 0.5296875 0.02421875 0.09453125
2 0.5 0.5796875 0.025 0.07890625
2 0.46796875 0.53359375 0.02265625 0.08125
2 0.44375 0.56875 0.021875 0.09140625
2 0.428125 0.5921875 0.02421875 0.0796875
2 0.41328125 0.5609375 0.021875 0.07734375
2 0.45703125 0.49609375 0.01953125 0.0734375
2 0.44453125 0.46328125 0.0203125 0.06171875
2 0.37734375 0.44921875 0.01796875 0.065625
2 0.41171875 0.43203125 0.015625 0.0421875
2 0.41796875 0.41796875 0.01328125 0.065625
2 0.4640625 0.37109375 0.01484375 0.04140625
2 0.396875 0.3625 0.0125 0.0546875
2 0.38515625 0.3453125 0.0109375 0.04375
2 0.32578125 0.31875 0.0140625 0.05078125
2 0.29453125 0.3265625 0.01328125 0.04921875
2 0.3625 0.26171875 0.01015625 0.04453125
2 0.35078125 0.2296875 0.009375 0.03125
2 0.29609375 0.26171875 0.009375 0.0375
2 0.3109375 0.23828125 0.00859375 0.0359375
2 0.33125 0.2125 0.00703125 0.0328125
2 0.30703125 0.22578125 0.0109375 0.03046875