2 0.4921875 0.5421875 0.021875 0.075
2 0.49765625 0.49765625 0.01953125 0.06875
2 0.46015625 0.46484375 0.0140625 0.05625
2 0.41015625 0.43046875 0.0140625 0.04765625
2 0.390625 0.38359375 0.01015625 0.03515625
2 0.41328125 0.37265625 0.009375 0.03515625
2 0.390625 0.3609375 0.009375 0.03046875
2 0.359375 0.3546875 0.00859375 0.03671875
2 0.36875 0.33125 0.01015625 0.03671875
2 0.36015625 0.2953125 0.0078125 0.028125
2 0.3375 0.2515625 0.00390625 0.015625
2 0.33828125 0.2421875 0.00625 0.0140625
3 0.496875 0.44453125 0.04296875 0.06953125
3 0.4625 0.384375 0.0296875 0.05625
3 0.44609375 0.36484375 0.02734375 0.06015625
1 0.41171875 0.340625 0.02421875 0.03984375
1 0.32578125 0.27578125 0.01484375 0.0265625
1 0.33359375 0.26640625 0.01328125 0.0171875
1 0.328125 0.2578125 0.0125 0.015625
1 0.315625 0.24765625 0.01171875 0.0203125
1 0.32578125 0.23515625 0.0109375 0.01953125
2 0.3234375 0.21953125 0.00390625 0.0109375