1 0.46171875 0.93125 0.0984375 0.1375
1 0.6140625 0.95 0.11171875 0.1
1 0.8 0.89609375 0.175 0.2078125
1 0.6671875 0.70390625 0.11875 0.19765625
1 0.559375 0.7140625 0.1078125 0.20703125
1 0.56640625 0.5703125 0.08203125 0.13828125
1 0.46875 0.58359375 0.07421875 0.14765625
1 0.40390625 0.5015625 0.0578125 0.10859375
1 0.478125 0.45625 0.0625 0.10390625
1 0.44453125 0.38984375 0.04296875 0.06953125
1 0.40859375 0.434375 0.0375 0.08125
2 0.5140625 0.87890625 0.04375 0.1171875
2 0.3578125 0.5796875 0.025 0.096875
2 0.5125 0.5828125 0.02421875 0.075
2 0.4375 0.4453125 0.0203125 0.07421875