2 0.29140625 0.7078125 0.10546875 0.10546875
2 0.28828125 0.6265625 0.0953125 0.07734375
2 0.5171875 0.59140625 0.08671875 0.11015625
2 0.74375 0.559375 0.06953125 0.09375
2 0.71484375 0.51875 0.0703125 0.0640625
2 0.6515625 0.39765625 0.06171875 0.071875
2 0.6890625 0.38359375 0.05078125 0.0625
2 0.8203125 0.48359375 0.05078125 0.096875
2 0.90234375 0.4328125 0.040625 0.0671875
2 0.94375 0.4546875 0.01875 0.046875
2 0.984375 0.5078125 0.028125 0.07265625
2 0.35390625 0.3125 0.025 0.05703125
1 0.446875 0.36171875 0.1171875 0.1078125
1 0.9234375 0.565625 0.11015625 0.1828125
1 0.978125 0.4359375 0.04375 0.06328125