1 0.58203125 0.69296875 0.16328125 0.290625
1 0.603125 0.48125 0.10234375 0.15390625
1 0.384375 0.56171875 0.15 0.153125
1 0.71640625 0.3671875 0.05078125 0.0953125
1 0.7359375 0.30859375 0.0265625 0.0515625
3 0.76015625 0.28671875 0.025 0.05859375
2 0.66484375 0.30703125 0.00859375 0.03828125
2 0.725 0.28515625 0.00703125 0.03359375
2 0.73828125 0.2703125 0.00703125 0.02890625
2 0.73984375 0.478125 0.02734375 0.12109375
2 0.56796875 0.44140625 0.0234375 0.08828125
2 0.1671875 0.65859375 0.07734375 0.14453125
1 0.02265625 0.63046875 0.0453125 0.12578125