1 0.61171875 0.5109375 0.17109375 0.31796875
1 0.44296875 0.440625 0.17734375 0.26328125
1 0.58671875 0.31171875 0.10859375 0.15859375
1 0.6625 0.2421875 0.06484375 0.13046875
1 0.7140625 0.20390625 0.04765625 0.09375
2 0.66328125 0.70859375 0.07421875 0.334375
2 0.71171875 0.32421875 0.03984375 0.13125
2 0.4546875 0.56015625 0.07265625 0.2328125
2 0.28046875 0.4671875 0.08359375 0.21328125
2 0.35703125 0.4140625 0.06328125 0.16328125
2 0.4171875 0.33828125 0.03203125 0.0921875
2 0.48359375 0.2859375 0.03515625 0.0671875
2 0.521875 0.28515625 0.0390625 0.10234375