1 0.19296875 0.75234375 0.38203125 0.4953125
1 0.5578125 0.30078125 0.1046875 0.1546875
1 0.6578125 0.240625 0.06171875 0.0953125
1 0.70703125 0.1984375 0.0546875 0.09140625
2 0.59296875 0.65078125 0.05703125 0.29140625
2 0.55078125 0.58046875 0.0703125 0.228125
2 0.69453125 0.6125 0.065625 0.275
2 0.76640625 0.559375 0.0484375 0.2265625
2 0.653125 0.5421875 0.05 0.2234375
2 0.4796875 0.44921875 0.06171875 0.18203125
2 0.56796875 0.421875 0.04140625 0.140625
2 0.7328125 0.35625 0.03828125 0.1453125
2 0.659375 0.35546875 0.034375 0.140625