2 0.88203125 0.9515625 0.0671875 0.096875
2 0.3890625 0.93828125 0.034375 0.1234375
2 0.425 0.96171875 0.040625 0.0765625
2 0.41484375 0.8734375 0.034375 0.12421875
2 0.5609375 0.915625 0.0359375 0.14453125
2 0.59921875 0.9546875 0.0359375 0.090625
2 0.6390625 0.94609375 0.040625 0.10703125
2 0.5953125 0.8796875 0.0421875 0.1234375
2 0.52578125 0.81015625 0.04609375 0.125
2 0.52265625 0.7375 0.03125 0.09765625
2 0.73125 0.74375 0.03515625 0.08515625
2 0.70078125 0.71484375 0.03515625 0.1015625
2 0.67265625 0.65859375 0.03046875 0.08125
2 0.6453125 0.6296875 0.0265625 0.08671875
2 0.61171875 0.625 0.021875 0.07578125
2 0.621875 0.596875 0.01875 0.0609375
2 0.47734375 0.59765625 0.01953125 0.0875
2 0.34296875 0.32734375 0.009375 0.03125
2 0.3359375 0.30390625 0.00625 0.028125
2 0.3875 0.3078125 0.009375 0.0265625
2 0.37734375 0.296875 0.00703125 0.02421875
2 0.35390625 0.2859375 0.0078125 0.02578125
2 0.3421875 0.27734375 0.00625 0.02421875
2 0.32421875 0.27734375 0.00703125 0.02109375
1 0.4953125 0.9125 0.1046875 0.175
1 0.45 0.76171875 0.078125 0.16796875
1 0.46015625 0.6546875 0.06328125 0.12421875
1 0.57421875 0.740625 0.0890625 0.165625
1 0.68984375 0.8921875 0.14453125 0.215625
1 0.7578125 0.88046875 0.13515625 0.2171875
1 0.64921875 0.72890625 0.09609375 0.1484375
1 0.54765625 0.61484375 0.0671875 0.1078125
1 0.5140625 0.521875 0.0484375 0.08359375
3 0.57890625 0.5828125 0.06015625 0.0828125
3 0.4609375 0.38203125 0.0296875 0.059375