1 0.91953125 0.70703125 0.16015625 0.23828125
1 0.3515625 0.61640625 0.21796875 0.2046875
1 0.33671875 0.32734375 0.0625 0.071875
2 0.20390625 0.546875 0.078125 0.14375
2 0.103125 0.5703125 0.07578125 0.1375
2 0.48359375 0.51640625 0.0578125 0.10625
2 0.58515625 0.52734375 0.08359375 0.11875
2 0.8265625 0.5234375 0.06875 0.1046875
2 0.46328125 0.77265625 0.11875 0.18359375
2 0.5140625 0.91171875 0.15078125 0.17578125
2 0.3390625 0.86796875 0.1484375 0.18984375
2 0.128125 0.91796875 0.1609375 0.16328125
2 0.81328125 0.81953125 0.10234375 0.16015625
2 0.8703125 0.48671875 0.03359375 0.09375
2 0.83515625 0.4078125 0.0375 0.07890625
2 0.90859375 0.503125 0.04140625 0.1234375
1 0.965625 0.52734375 0.06875 0.1046875