2 0.57734375 0.45859375 0.04296875 0.0765625
2 0.35859375 0.44765625 0.021875 0.0765625
2 0.2953125 0.4234375 0.0171875 0.059375
2 0.30390625 0.415625 0.015625 0.05703125
2 0.27109375 0.4078125 0.0125 0.0546875
2 0.2328125 0.41640625 0.0171875 0.0546875
2 0.20703125 0.415625 0.0140625 0.05625
2 0.17421875 0.34609375 0.00703125 0.028125
2 0.26328125 0.38671875 0.0109375 0.04296875
2 0.2859375 0.403125 0.01171875 0.05
2 0.27890625 0.38984375 0.01015625 0.04765625
2 0.23203125 0.35390625 0.0078125 0.025
1 0.19375 0.3375 0.015625 0.025
1 0.215625 0.3734375 0.02265625 0.03828125
1 0.2390625 0.38515625 0.03046875 0.04296875