2 0.4328125 0.91171875 0.0375 0.146875
2 0.62265625 0.70078125 0.03203125 0.11015625
2 0.47421875 0.55546875 0.01875 0.06796875
2 0.48515625 0.49609375 0.0171875 0.0640625
2 0.4296875 0.46875 0.0140625 0.0578125
2 0.35390625 0.47734375 0.01640625 0.0625
2 0.44375 0.4328125 0.01328125 0.04609375
2 0.42421875 0.37890625 0.01015625 0.04140625
2 0.4 0.375 0.009375 0.03828125
2 0.334375 0.346875 0.0078125 0.0359375
2 0.3265625 0.31953125 0.00703125 0.02890625
2 0.3453125 0.26796875 0.00546875 0.021875
2 0.33671875 0.25234375 0.00546875 0.015625
2 0.31328125 0.24296875 0.00546875 0.01796875
2 0.32421875 0.23984375 0.0046875 0.015625
1 0.7109375 0.91640625 0.13515625 0.16640625
1 0.40234375 0.50390625 0.03984375 0.0796875
1 0.4125 0.34140625 0.021875 0.0375
1 0.40390625 0.33203125 0.01640625 0.03515625
1 0.33828125 0.2734375 0.01328125 0.0234375
3 0.46171875 0.384375 0.03046875 0.059375
3 0.3609375 0.29453125 0.0171875 0.034375