2 0.5171875 0.59921875 0.02734375 0.11484375
2 0.65859375 0.73125 0.0625 0.17578125
2 0.8109375 0.65625 0.053125 0.15546875
2 0.575 0.59921875 0.0390625 0.12578125
2 0.66953125 0.51796875 0.021875 0.1015625
2 0.6921875 0.44609375 0.02109375 0.0703125
2 0.72265625 0.39296875 0.02734375 0.04765625
2 0.46328125 0.51328125 0.02578125 0.0921875
2 0.45234375 0.54921875 0.02109375 0.09921875
2 0.4328125 0.58359375 0.02578125 0.11796875
2 0.4109375 0.6171875 0.03046875 0.11484375
2 0.80859375 0.38671875 0.01796875 0.05234375
2 0.37109375 0.44453125 0.01484375 0.06171875
2 0.396875 0.43671875 0.0109375 0.05703125
2 0.40625 0.44921875 0.015625 0.06796875
2 0.425 0.45390625 0.01640625 0.07421875
2 0.4375 0.43828125 0.0140625 0.06328125
1 0.4078125 0.41171875 0.03984375 0.06796875
1 0.39921875 0.3625 0.0265625 0.04453125
2 0.36328125 0.3734375 0.0125 0.04296875
2 0.346875 0.36953125 0.0109375 0.0390625