1 0.3640625 0.284375 0.0609375 0.07109375
1 0.35703125 0.2296875 0.03125 0.0421875
2 0.17734375 0.58359375 0.05703125 0.071875
2 0.23046875 0.54453125 0.071875 0.1109375
2 0.27578125 0.50078125 0.0625 0.10625
2 0.34921875 0.43125 0.04140625 0.09453125
2 0.3625 0.36640625 0.03046875 0.065625
2 0.33203125 0.27578125 0.015625 0.053125
2 0.3234375 0.26796875 0.01171875 0.053125
2 0.3125 0.25546875 0.0109375 0.05390625
2 0.7453125 0.46796875 0.0640625 0.0765625
2 0.74453125 0.4203125 0.0484375 0.04453125
2 0.8015625 0.39296875 0.04375 0.06796875
2 0.8578125 0.4140625 0.0390625 0.06953125