1 0.50234375 0.90625 0.10078125 0.18671875
1 0.6375 0.85390625 0.10859375 0.20234375
1 0.80703125 0.91953125 0.1453125 0.1609375
1 0.42265625 0.71171875 0.07109375 0.1703125
1 0.4875 0.6921875 0.06875 0.1375
1 0.52109375 0.58203125 0.0625 0.115625
1 0.565625 0.68125 0.078125 0.13671875
1 0.56875 0.5609375 0.07109375 0.10390625
1 0.6375 0.67734375 0.0859375 0.128125
1 0.36328125 0.309375 0.01953125 0.0328125
2 0.61640625 0.9546875 0.0390625 0.090625
2 0.90390625 0.95703125 0.06640625 0.0859375
2 0.85078125 0.89765625 0.053125 0.12734375
2 0.78984375 0.8296875 0.0296875 0.07578125
2 0.75390625 0.79296875 0.04296875 0.1171875
2 0.7046875 0.8203125 0.07109375 0.1609375
2 0.734375 0.74921875 0.03125 0.090625
2 0.703125 0.70390625 0.03046875 0.09765625
2 0.675 0.6578125 0.02578125 0.09296875
2 0.65234375 0.61953125 0.02421875 0.07265625
2 0.628125 0.74140625 0.03046875 0.0890625
2 0.5796875 0.91875 0.0375 0.1375
2 0.57734375 0.84296875 0.03046875 0.10234375
2 0.55859375 0.79140625 0.02890625 0.0828125
2 0.54453125 0.74140625 0.03125 0.10234375
2 0.52265625 0.68671875 0.02421875 0.10234375
2 0.49453125 0.62109375 0.021875 0.07890625
2 0.3953125 0.5609375 0.0203125 0.07734375
2 0.37578125 0.53515625 0.01484375 0.06640625
2 0.3859375 0.5015625 0.01875 0.0609375
2 0.4046875 0.48125 0.01796875 0.0625
2 0.49140625 0.4921875 0.02109375 0.06484375
2 0.421875 0.45625 0.0171875 0.059375
2 0.4125 0.4265625 0.0171875 0.0515625
2 0.43671875 0.3921875 0.01171875 0.03515625
2 0.3796875 0.3234375 0.01015625 0.028125
2 0.34140625 0.3203125 0.01015625 0.028125
2 0.33671875 0.30546875 0.0078125 0.028125
3 0.453125 0.43359375 0.04453125 0.06328125
3 0.4765625 0.3984375 0.03515625 0.06484375
3 0.453125 0.36875 0.03125 0.06328125
1 0.38515625 0.29765625 0.01640625 0.03046875