1 0.63515625 0.29453125 0.0984375 0.15546875
1 0.13203125 0.7109375 0.26328125 0.53359375
2 0.54609375 0.63125 0.0671875 0.2546875
2 0.71875 0.71484375 0.07421875 0.28046875
2 0.62265625 0.66796875 0.078125 0.30859375
2 0.44609375 0.621875 0.08828125 0.26640625
2 0.728125 0.54609375 0.05625 0.17109375
2 0.61484375 0.5515625 0.06171875 0.2328125
2 0.640625 0.45546875 0.0546875 0.1890625
2 0.7359375 0.45546875 0.05234375 0.1796875
2 0.7828125 0.43359375 0.03125 0.1703125
2 0.74296875 0.371875 0.03984375 0.1015625
1 0.73046875 0.33828125 0.0921875 0.15
1 0.634375 0.2296875 0.07578125 0.1109375
1 0.70625 0.23359375 0.05390625 0.1078125
1 0.69453125 0.1890625 0.04921875 0.07421875
1 0.73671875 0.15625 0.04140625 0.05078125
1 0.759375 0.1421875 0.01875 0.06015625
2 0.73828125 0.20625 0.0234375 0.07734375