1 0.6375 0.26796875 0.07265625 0.1203125
3 0.5328125 0.3171875 0.16015625 0.26015625
3 0.66640625 0.4109375 0.15546875 0.3109375
2 0.63671875 0.64375 0.06015625 0.26328125
2 0.70546875 0.58046875 0.0578125 0.22890625
2 0.73125 0.72421875 0.084375 0.31484375
2 0.2875 0.48828125 0.08359375 0.2015625
2 0.7828125 0.3875 0.0296875 0.12265625
2 0.365625 0.48984375 0.08203125 0.20390625
2 0.35859375 0.40625 0.0625 0.14921875
2 0.40390625 0.4203125 0.05234375 0.1765625
3 0.69375 0.175 0.08515625 0.1546875