1 0.3703125 0.80703125 0.25234375 0.3859375
2 0.103125 0.8171875 0.11484375 0.19140625
1 0.29296875 0.53515625 0.12578125 0.109375
1 0.48125 0.53125 0.13984375 0.16953125
1 0.6359375 0.5921875 0.10078125 0.2296875
1 0.72421875 0.42890625 0.05 0.115625
1 0.68984375 0.36953125 0.04296875 0.0921875
2 0.72265625 0.54609375 0.03359375 0.15625
2 0.29296875 0.72578125 0.0484375 0.165625
2 0.32265625 0.62109375 0.05703125 0.14140625
2 0.296875 0.5859375 0.04609375 0.10234375
2 0.4609375 0.44375 0.02734375 0.059375
2 0.5125 0.446875 0.034375 0.0796875
2 0.5671875 0.428125 0.02734375 0.09375
2 0.56640625 0.36796875 0.0171875 0.06171875
2 0.5875 0.37109375 0.01953125 0.06875
2 0.6203125 0.359375 0.0171875 0.05625
2 0.61953125 0.47890625 0.0265625 0.075