2 0.3796875 0.93046875 0.040625 0.1359375
2 0.42734375 0.84375 0.03671875 0.13984375
2 0.44765625 0.9546875 0.03046875 0.090625
2 0.64140625 0.93984375 0.0515625 0.11953125
2 0.9109375 0.9515625 0.06875 0.096875
2 0.84140625 0.92734375 0.0578125 0.1453125
2 0.9109375 0.91796875 0.071875 0.1421875
2 0.5953125 0.7203125 0.03125 0.1
2 0.621875 0.67890625 0.03046875 0.0859375
2 0.66484375 0.70078125 0.03515625 0.1109375
2 0.7109375 0.68515625 0.0515625 0.0828125
2 0.7046875 0.63984375 0.034375 0.07421875
2 0.659375 0.62265625 0.03125 0.0828125
2 0.58125 0.63125 0.025 0.096875
2 0.63359375 0.55703125 0.025 0.07734375
2 0.35546875 0.6328125 0.028125 0.09921875
1 0.496875 0.79296875 0.11015625 0.21796875
1 0.459375 0.63671875 0.07421875 0.14296875
1 0.53125 0.6265625 0.08515625 0.15390625
1 0.66328125 0.83515625 0.13203125 0.2390625
3 0.76328125 0.81953125 0.11484375 0.1515625
1 0.5796875 0.54765625 0.08046875 0.128125
1 0.5109375 0.47734375 0.065625 0.11328125
1 0.47421875 0.415625 0.04921875 0.10078125