2 0.45390625 0.78984375 0.071875 0.246875
2 0.57734375 0.6203125 0.04375 0.1828125
2 0.74296875 0.4828125 0.025 0.11640625
2 0.76171875 0.4328125 0.02265625 0.10234375
2 0.37578125 0.6015625 0.0609375 0.15390625
2 0.4734375 0.49921875 0.03515625 0.11015625
2 0.528125 0.45234375 0.0296875 0.09609375
2 0.49453125 0.4375 0.03203125 0.084375
2 0.4 0.47109375 0.0453125 0.0828125
2 0.30390625 0.51484375 0.059375 0.1
2 0.18046875 0.55078125 0.05390625 0.09609375
2 0.5359375 0.40078125 0.02421875 0.0609375
1 0.59140625 0.41328125 0.06953125 0.0859375
1 0.66484375 0.4234375 0.0671875 0.0984375
1 0.7015625 0.35703125 0.04453125 0.07734375
1 0.73125 0.32578125 0.0296875 0.059375
1 0.59375 0.796875 0.240625 0.40546875
0 0.640625 0.31015625 0.06875 0.1015625
1 0.784375 0.32421875 0.02421875 0.05078125
1 0.77109375 0.30234375 0.02109375 0.05