0 0.46796875 0.521875 0.10390625 0.24375
1 0.6625 0.7953125 0.128125 0.2234375
1 0.56796875 0.8140625 0.1015625 0.2
1 0.69609375 0.6984375 0.10546875 0.16640625
1 0.5546875 0.58046875 0.07109375 0.1296875
1 0.565625 0.50078125 0.06953125 0.10390625
1 0.38671875 0.62265625 0.0625 0.1546875
1 0.38046875 0.4828125 0.04765625 0.10703125
1 0.33671875 0.4265625 0.03984375 0.0875
1 0.34921875 0.3671875 0.0359375 0.06875
1 0.3421875 0.33046875 0.03125 0.0484375
2 0.33515625 0.5046875 0.01796875 0.0765625
2 0.4703125 0.73984375 0.03359375 0.13046875
2 0.61796875 0.60390625 0.034375 0.11015625
2 0.8171875 0.92265625 0.059375 0.1546875
2 0.4921875 0.87421875 0.0359375 0.13671875