2 0.3984375 0.92890625 0.034375 0.1421875
2 0.4671875 0.97265625 0.034375 0.0546875
2 0.8921875 0.94765625 0.06640625 0.1046875
2 0.69375 0.80390625 0.034375 0.12109375
2 0.73203125 0.8046875 0.03203125 0.109375
2 0.7546875 0.78046875 0.0375 0.11328125
2 0.6734375 0.74609375 0.03125 0.0890625
2 0.690625 0.73046875 0.02734375 0.1046875
2 0.7 0.70703125 0.0328125 0.11015625
2 0.515625 0.5484375 0.01953125 0.07109375
2 0.35859375 0.45078125 0.0140625 0.05625
2 0.50703125 0.45078125 0.015625 0.05546875
2 0.42890625 0.39453125 0.0140625 0.046875
2 0.38515625 0.3328125 0.009375 0.0375
2 0.3703125 0.3109375 0.0109375 0.01875
2 0.346875 0.2640625 0.00703125 0.01953125
2 0.328125 0.24453125 0.00546875 0.0171875
2 0.309375 0.240625 0.00546875 0.01875
2 0.33046875 0.23046875 0.00546875 0.01484375
2 0.32265625 0.2328125 0.0046875 0.015625
1 0.50625 0.88046875 0.10625 0.23828125
1 0.58125 0.72890625 0.0828125 0.14921875
1 0.66015625 0.86953125 0.1171875 0.2109375
1 0.75390625 0.97109375 0.0890625 0.0578125
3 0.8 0.9 0.146875 0.2
3 0.36328125 0.34765625 0.03125 0.09453125
1 0.35859375 0.2890625 0.01796875 0.0296875
1 0.3265625 0.26328125 0.0140625 0.01875
1 0.31953125 0.24375 0.009375 0.01953125
1 0.4125 0.3421875 0.02265625 0.040625
1 0.40390625 0.33046875 0.01640625 0.03515625
3 0.4609375 0.38515625 0.0296875 0.0609375