2 0.89375 0.96015625 0.05625 0.0796875
2 0.82421875 0.8828125 0.05625 0.14140625
2 0.75 0.8171875 0.04140625 0.1078125
2 0.63203125 0.68203125 0.04296875 0.09921875
2 0.55546875 0.61953125 0.025 0.08046875
2 0.49765625 0.55390625 0.02265625 0.0671875
2 0.3625 0.6421875 0.021875 0.0828125
2 0.36328125 0.57578125 0.02109375 0.0578125
2 0.35078125 0.50703125 0.01640625 0.0640625
2 0.34765625 0.45 0.01328125 0.05625
2 0.43203125 0.43125 0.0125 0.05390625
2 0.44453125 0.46328125 0.01328125 0.06015625
2 0.4609375 0.446875 0.01328125 0.04609375
2 0.4671875 0.47421875 0.0125 0.05625
2 0.4875 0.48671875 0.0140625 0.05625
2 0.51796875 0.50390625 0.01796875 0.06484375
2 0.32109375 0.27421875 0.0078125 0.02421875
1 0.34140625 0.26171875 0.00390625 0.01875
1 0.49765625 0.75390625 0.08359375 0.17734375
1 0.58671875 0.92265625 0.09609375 0.1546875
1 0.7296875 0.884375 0.13515625 0.23125
1 0.57890625 0.75078125 0.09296875 0.1703125
1 0.503125 0.63984375 0.0734375 0.12265625
1 0.41171875 0.34140625 0.02265625 0.04453125
1 0.3734375 0.3296875 0.02109375 0.0390625
0 0.4140625 0.56953125 0.06484375 0.2109375
3 0.44609375 0.36328125 0.02734375 0.0578125
3 0.46328125 0.38515625 0.03203125 0.0609375
3 0.4984375 0.440625 0.04453125 0.07265625