2 0.3546875 0.5578125 0.05078125 0.12578125
2 0.53671875 0.39453125 0.01484375 0.05
2 0.55546875 0.40625 0.02421875 0.06640625
2 0.76875 0.38515625 0.01484375 0.07890625
2 0.67265625 0.31328125 0.01328125 0.0484375
2 0.7171875 0.29453125 0.01015625 0.0359375
2 0.76328125 0.34765625 0.01328125 0.0515625
1 0.71640625 0.3765625 0.053125 0.1015625
1 0.51015625 0.48203125 0.11796875 0.13984375
1 0.6453125 0.36015625 0.0484375 0.06328125
1 0.740625 0.31328125 0.03203125 0.05
1 0.78125 0.3265625 0.028125 0.05859375
1 0.75234375 0.2890625 0.0171875 0.03359375
2 0.61953125 0.35234375 0.00703125 0.05078125