2 0.33359375 0.515625 0.065625 0.1
2 0.41640625 0.45546875 0.03359375 0.096875
1 0.48359375 0.44296875 0.11953125 0.109375
2 0.6625 0.446875 0.021875 0.1046875
2 0.5609375 0.39296875 0.01953125 0.07109375
2 0.6625 0.38828125 0.01953125 0.0453125
2 0.69453125 0.38125 0.015625 0.07890625
2 0.725 0.43125 0.01875 0.0796875
2 0.7390625 0.4765625 0.025 0.11640625
2 0.75390625 0.38203125 0.0203125 0.0765625
2 0.778125 0.37578125 0.01953125 0.07109375
1 0.7265625 0.32734375 0.03984375 0.0640625
1 0.640625 0.3390625 0.0453125 0.06875
3 0.7421875 0.2875 0.03046875 0.04765625