2 0.45390625 0.4671875 0.03984375 0.09609375
2 0.5609375 0.44921875 0.03203125 0.109375
2 0.58125 0.3984375 0.0265625 0.07265625
2 0.54453125 0.39296875 0.0234375 0.06953125
2 0.5734375 0.37421875 0.0203125 0.059375
2 0.64453125 0.321875 0.015625 0.04921875
1 0.72109375 0.33046875 0.040625 0.06640625
3 0.7421875 0.290625 0.034375 0.0859375
2 0.76640625 0.31953125 0.01171875 0.05
1 0.77890625 0.284375 0.01953125 0.03515625
1 0.71953125 0.27890625 0.0171875 0.02890625
2 0.71328125 0.2875 0.0078125 0.028125
2 0.68046875 0.2921875 0.00859375 0.03203125