2 0.3859375 0.9484375 0.0328125 0.103125
2 0.89921875 0.9625 0.05546875 0.07421875
2 0.8453125 0.91953125 0.05 0.1359375
2 0.60859375 0.86484375 0.03203125 0.1109375
2 0.70078125 0.8265625 0.0296875 0.1234375
2 0.7578125 0.7875 0.0328125 0.071875
2 0.71484375 0.75078125 0.03828125 0.11640625
2 0.6796875 0.7625 0.02890625 0.09296875
2 0.671875 0.7078125 0.025 0.05625
2 0.68984375 0.69453125 0.0296875 0.07421875
2 0.646875 0.72421875 0.02265625 0.1
2 0.62421875 0.68203125 0.0203125 0.06640625
2 0.6578125 0.65859375 0.02421875 0.0875
2 0.4609375 0.725 0.04296875 0.10625
2 0.49921875 0.67890625 0.02890625 0.08671875
2 0.52578125 0.65859375 0.02265625 0.06484375
2 0.50078125 0.63046875 0.02109375 0.07421875
2 0.4421875 0.584375 0.01796875 0.078125
2 0.5640625 0.559375 0.01875 0.07109375
2 0.57734375 0.5453125 0.02265625 0.05859375
2 0.60546875 0.63203125 0.021875 0.07421875
2 0.62421875 0.61328125 0.01796875 0.075
2 0.5921875 0.59140625 0.01484375 0.06640625
2 0.6078125 0.58046875 0.02109375 0.0609375
2 0.4265625 0.47578125 0.015625 0.065625
2 0.371875 0.446875 0.02734375 0.05078125
2 0.41953125 0.3921875 0.01328125 0.04453125
2 0.4046875 0.37734375 0.01171875 0.04296875
2 0.359375 0.36328125 0.009375 0.040625
2 0.3625 0.32265625 0.01171875 0.02890625
2 0.365625 0.30234375 0.0078125 0.0265625
2 0.34765625 0.265625 0.00625 0.02265625
2 0.3375 0.25625 0.0046875 0.0203125
2 0.3234375 0.2359375 0.00546875 0.01796875
2 0.3296875 0.2296875 0.00390625 0.01328125
1 0.4265625 0.79296875 0.07421875 0.1796875
1 0.46484375 0.91328125 0.09609375 0.17265625
1 0.53828125 0.7671875 0.08125 0.1578125
1 0.596875 0.93359375 0.103125 0.1328125
1 0.69375 0.928125 0.12578125 0.14296875
1 0.78984375 0.9078125 0.14765625 0.18359375
1 0.52421875 0.56015625 0.05859375 0.10234375
1 0.475 0.47890625 0.0578125 0.071875
1 0.265625 0.7390625 0.09375 0.14296875
1 0.4125 0.34296875 0.02578125 0.046875
1 0.3390625 0.29609375 0.01796875 0.03125
1 0.34609375 0.2796875 0.01640625 0.02578125
3 0.4984375 0.446875 0.046875 0.07578125
3 0.46171875 0.3859375 0.03125 0.06171875
3 0.446875 0.36328125 0.028125 0.06015625
1 0.61796875 0.7640625 0.09453125 0.15703125
1 0.56875 0.653125 0.0671875 0.11484375