1 0.7078125 0.3453125 0.1 0.190625
2 0.275 0.49375 0.0859375 0.2140625
2 0.59453125 0.6421875 0.0609375 0.26015625
2 0.6984375 0.73671875 0.06640625 0.309375
2 0.66640625 0.60390625 0.053125 0.25859375
2 0.3703125 0.5078125 0.07578125 0.22109375
2 0.74609375 0.60390625 0.04296875 0.2296875
2 0.625 0.51953125 0.04921875 0.20078125
2 0.6609375 0.44609375 0.0421875 0.15703125
2 0.50625 0.59609375 0.0671875 0.2359375
2 0.42890625 0.5234375 0.07578125 0.2
2 0.37890625 0.37734375 0.05 0.11328125
2 0.39765625 0.39765625 0.04296875 0.12109375
2 0.4359375 0.4296875 0.046875 0.1328125
2 0.48125 0.43828125 0.04765625 0.15078125
2 0.54296875 0.471875 0.05078125 0.18046875
2 0.43671875 0.346875 0.05234375 0.13359375
2 0.5953125 0.37578125 0.03984375 0.15
2 0.67890625 0.2859375 0.034375 0.1046875
2 0.72265625 0.2265625 0.02109375 0.06875
1 0.52109375 0.3375 0.125 0.17734375
1 0.63984375 0.26484375 0.09140625 0.1375
2 0.5796875 0.25078125 0.0203125 0.1