2 0.23828125 0.82421875 0.06796875 0.2453125
2 0.68203125 0.628125 0.06953125 0.15
2 0.478125 0.5171875 0.03984375 0.1140625
2 0.46328125 0.4625 0.028125 0.075
2 0.42109375 0.4828125 0.02578125 0.0875
2 0.41171875 0.44609375 0.021875 0.06484375
2 0.3640625 0.43984375 0.0234375 0.0734375
2 0.33671875 0.42890625 0.0140625 0.06171875
2 0.31796875 0.440625 0.0140625 0.06015625
1 0.23984375 0.39765625 0.03203125 0.06171875
1 0.22109375 0.37734375 0.025 0.0421875
1 0.19921875 0.33671875 0.015625 0.0265625