1 0.615625 0.54921875 0.17890625 0.359375
1 0.71640625 0.17890625 0.05078125 0.0765625
1 0.6140625 0.27109375 0.0796875 0.1390625
1 0.74921875 0.340625 0.08515625 0.159375
1 0.5203125 0.34375 0.12421875 0.19375
1 0.4015625 0.5078125 0.1859375 0.2734375
2 0.13828125 0.60625 0.121875 0.23828125
2 0.7234375 0.53984375 0.0546875 0.22421875
2 0.434375 0.596875 0.08203125 0.246875
2 0.2828125 0.4828125 0.08984375 0.1984375
2 0.21171875 0.47890625 0.0875 0.19296875
2 0.5 0.5015625 0.06484375 0.20078125
2 0.66171875 0.346875 0.0375 0.07265625
2 0.73828125 0.44765625 0.03828125 0.1703125
2 0.6578125 0.303125 0.03125 0.12578125
2 0.75703125 0.165625 0.015625 0.04140625
2 0.82109375 0.3671875 0.0265625 0.0703125
1 0.740625 0.25390625 0.059375 0.140625
1 0.66484375 0.21640625 0.05703125 0.09453125