1 0.55 0.41953125 0.16015625 0.2453125
1 0.40625 0.44609375 0.18125 0.2515625
1 0.684375 0.45859375 0.14296875 0.28046875
1 0.62734375 0.25078125 0.084375 0.1234375
1 0.74296875 0.1484375 0.03203125 0.06015625
1 0.68515625 0.20703125 0.05234375 0.09921875
1 0.5328125 0.32421875 0.10234375 0.14140625
1 0.71015625 0.178125 0.04609375 0.07890625
2 0.53359375 0.62890625 0.07265625 0.26796875
2 0.24140625 0.5046875 0.08984375 0.21640625
2 0.634375 0.6734375 0.06796875 0.29296875
2 0.7328125 0.21171875 0.0171875 0.053125
2 0.4328125 0.6140625 0.10234375 0.2625
2 0.3515625 0.38984375 0.05625 0.13515625
2 0.421875 0.31328125 0.0484375 0.0609375
2 0.4234375 0.51875 0.078125 0.23046875
2 0.66328125 0.35390625 0.03984375 0.12421875
2 0.46953125 0.29296875 0.03984375 0.08203125
2 0.8171875 0.40859375 0.0296875 0.1640625