2 0.39296875 0.29296875 0.01640625 0.0609375
2 0.3671875 0.30390625 0.01796875 0.053125
2 0.37421875 0.28984375 0.01328125 0.05078125
2 0.34765625 0.29296875 0.0140625 0.06328125
2 0.31484375 0.26875 0.0109375 0.0390625
2 0.30703125 0.25390625 0.009375 0.04453125
2 0.32734375 0.26875 0.0109375 0.0359375
2 0.33203125 0.25625 0.009375 0.0296875
2 0.33828125 0.23046875 0.0015625 0.0015625
2 0.378125 0.25078125 0.01484375 0.03671875
1 0.36171875 0.26328125 0.04140625 0.05546875
1 0.3234375 0.23359375 0.0359375 0.04140625