1 0.58359375 0.54453125 0.20859375 0.36875
1 0.15 0.721875 0.3 0.55390625
1 0.61015625 0.28125 0.0984375 0.12578125
1 0.69296875 0.38984375 0.09765625 0.190625
2 0.60703125 0.76328125 0.10859375 0.3453125
2 0.43984375 0.40390625 0.0578125 0.1609375
2 0.45703125 0.6015625 0.06953125 0.25
2 0.7265625 0.7796875 0.07890625 0.328125
2 0.38828125 0.39765625 0.05859375 0.17265625
2 0.27890625 0.46953125 0.059375 0.1578125
2 0.48984375 0.32734375 0.03359375 0.13125
2 0.71171875 0.63125 0.07890625 0.26484375
2 0.70859375 0.54921875 0.05 0.23125
2 0.77109375 0.5484375 0.0359375 0.2421875
2 0.75859375 0.47109375 0.03671875 0.18046875
2 0.75625 0.4 0.040625 0.1390625
2 0.78671875 0.37734375 0.0203125 0.103125
2 0.52265625 0.46875 0.040625 0.146875
2 0.54609375 0.275 0.028125 0.10859375
2 0.59140625 0.3609375 0.0359375 0.0890625
2 0.61875 0.31953125 0.0390625 0.090625
2 0.68046875 0.27265625 0.0296875 0.1046875
2 0.7265625 0.2515625 0.02109375 0.08671875
2 0.71640625 0.23125 0.0234375 0.09453125
2 0.63125 0.19921875 0.0171875 0.04296875
2 0.65078125 0.1890625 0.0140625 0.06015625
2 0.71875 0.15078125 0.0125 0.04609375
1 0.74609375 0.29765625 0.06328125 0.16015625
1 0.68359375 0.20859375 0.0671875 0.0984375
1 0.7375 0.1671875 0.04296875 0.08046875
1 0.765625 0.1296875 0.0296875 0.046875