2 0.3296875 0.509375 0.078125 0.13046875
2 0.44140625 0.3640625 0.03671875 0.11015625
2 0.46015625 0.33515625 0.03359375 0.0875
2 0.38515625 0.2921875 0.02109375 0.05625
2 0.3484375 0.2890625 0.01640625 0.06171875
2 0.31171875 0.2875 0.01328125 0.05
2 0.30625 0.25078125 0.01328125 0.04453125
2 0.3171875 0.2609375 0.0125 0.040625
2 0.33125 0.27578125 0.01328125 0.04609375
2 0.3359375 0.26171875 0.01171875 0.03671875
2 0.34296875 0.24296875 0.0125 0.034375
2 0.3796875 0.25390625 0.0125 0.0453125
2 0.3453125 0.2265625 0.00625 0.02578125
1 0.3234375 0.23671875 0.034375 0.0515625
1 0.36328125 0.2671875 0.04453125 0.0671875