1 0.81796875 0.66328125 0.1453125 0.234375
1 0.5234375 0.41796875 0.0734375 0.05625
1 0.65 0.46875 0.07890625 0.09140625
1 0.77265625 0.40234375 0.078125 0.071875
2 0.575 0.54765625 0.03984375 0.1046875
2 0.6703125 0.51171875 0.034375 0.08046875
2 0.596875 0.4078125 0.0296875 0.05859375
2 0.07734375 0.61953125 0.1546875 0.1453125
2 0.8046875 0.52578125 0.021875 0.07890625
2 0.8203125 0.4171875 0.01875 0.07109375
2 0.8328125 0.3953125 0.0125 0.05703125
2 0.415625 0.4015625 0.01875 0.0546875
2 0.49296875 0.3921875 0.015625 0.0453125