1 0.440625 0.42109375 0.17890625 0.2640625
1 0.62578125 0.50078125 0.1734375 0.30859375
1 0.63671875 0.2453125 0.07109375 0.109375
1 0.71015625 0.34296875 0.08671875 0.15390625
2 0.7375 0.60859375 0.0625 0.2609375
2 0.559375 0.7953125 0.08359375 0.33671875
2 0.703125 0.23515625 0.02421875 0.09609375
2 0.68046875 0.72734375 0.075 0.31953125
2 0.59765625 0.3671875 0.05 0.1546875
2 0.76328125 0.43515625 0.03515625 0.15703125
2 0.75703125 0.3671875 0.034375 0.09375
2 0.70234375 0.1703125 0.0171875 0.05859375