1 0.253125 0.6640625 0.31640625 0.465625
1 0.65390625 0.44921875 0.14453125 0.25
1 0.73125 0.3234375 0.08125 0.16328125
1 0.75546875 0.14375 0.02734375 0.05859375
2 0.5578125 0.6296875 0.06953125 0.27890625
2 0.6125 0.7015625 0.07109375 0.2859375
2 0.75 0.6046875 0.05546875 0.25703125
2 0.56796875 0.303125 0.03984375 0.134375
2 0.67421875 0.57109375 0.05390625 0.24375
2 0.6609375 0.24921875 0.03046875 0.11171875
2 0.76484375 0.4640625 0.04375 0.1234375
2 0.78046875 0.4109375 0.0328125 0.13125
2 0.82109375 0.38359375 0.02890625 0.12109375
2 0.75546875 0.20625 0.01875 0.07890625