1 0.63125 0.47578125 0.14140625 0.24375
1 0.71640625 0.31328125 0.08125 0.11875
2 0.5359375 0.6640625 0.0734375 0.29375
2 0.7046875 0.5734375 0.06328125 0.2703125
2 0.5453125 0.43359375 0.04765625 0.15625
2 0.765625 0.6390625 0.0671875 0.2921875
2 0.45703125 0.6609375 0.07421875 0.2890625
2 0.7328125 0.17734375 0.0171875 0.06796875
2 0.6296875 0.675 0.08359375 0.32265625
2 0.5171875 0.5578125 0.0453125 0.21171875
2 0.70625 0.3765625 0.03828125 0.11484375
2 0.7265625 0.46015625 0.03984375 0.1609375
2 0.75 0.40390625 0.03671875 0.15390625
2 0.784375 0.51796875 0.05546875 0.17578125
2 0.784375 0.36953125 0.028125 0.09921875