3 0.440625 0.8546875 0.11875 0.290625
3 0.56484375 0.540625 0.0765625 0.1625
1 0.7140625 0.94921875 0.128125 0.1015625
1 0.81328125 0.88984375 0.1765625 0.21953125
1 0.6328125 0.8234375 0.121875 0.2484375
1 0.6484375 0.68125 0.1109375 0.1703125
1 0.45625 0.7171875 0.08359375 0.16015625
1 0.42734375 0.5765625 0.06328125 0.14453125
1 0.51796875 0.4796875 0.05078125 0.1125
2 0.5578125 0.89609375 0.0390625 0.125
2 0.521875 0.821875 0.04296875 0.13515625
2 0.3734375 0.89765625 0.04296875 0.146875
2 0.37265625 0.74765625 0.02578125 0.1140625
2 0.3703125 0.675 0.028125 0.08671875
2 0.53359375 0.6671875 0.02421875 0.11796875
2 0.48515625 0.4015625 0.02265625 0.05546875