1 0.63203125 0.4609375 0.15078125 0.28203125
2 0.50859375 0.63984375 0.084375 0.28359375
2 0.4015625 0.3671875 0.05546875 0.14921875
2 0.265625 0.4734375 0.084375 0.19453125
2 0.721875 0.15390625 0.0171875 0.06171875
2 0.6859375 0.20078125 0.025 0.08671875
2 0.7078125 0.56171875 0.0515625 0.1984375
2 0.77109375 0.5703125 0.05703125 0.234375
2 0.3328125 0.41640625 0.06796875 0.165625
2 0.46640625 0.3359375 0.0421875 0.13984375
2 0.50625 0.3078125 0.040625 0.1203125
2 0.678125 0.6859375 0.0765625 0.29375