3 0.325 0.62265625 0.20703125 0.21875
1 0.0390625 0.61484375 0.07734375 0.15546875
2 0.43125 0.50703125 0.0421875 0.1125
1 0.4109375 0.4625 0.12109375 0.11953125
1 0.5203125 0.49296875 0.09375 0.1171875
2 0.55625 0.4125 0.02578125 0.08046875
2 0.61875 0.35703125 0.01484375 0.0578125
2 0.63203125 0.33984375 0.01328125 0.0515625
2 0.6375 0.3234375 0.0125 0.03984375
2 0.678125 0.33203125 0.01015625 0.04921875
1 0.684375 0.31875 0.03359375 0.04296875
1 0.684375 0.29609375 0.03125 0.03203125
1 0.73984375 0.30546875 0.02578125 0.04609375
1 0.7734375 0.32578125 0.0453125 0.05859375
1 0.7265625 0.28515625 0.021875 0.0359375
1 0.7140625 0.278125 0.01796875 0.0375
1 0.78046875 0.30546875 0.0234375 0.04296875
0 0.784375 0.26328125 0.02265625 0.0625