2 0.68984375 0.78359375 0.08046875 0.32734375
2 0.71171875 0.57109375 0.06796875 0.20703125
2 0.7796875 0.5421875 0.05 0.20859375
2 0.5203125 0.48671875 0.0484375 0.16171875
2 0.44375 0.5859375 0.075 0.2390625
2 0.3265625 0.53828125 0.1015625 0.225
2 0.2953125 0.4640625 0.05703125 0.19296875
2 0.37578125 0.39296875 0.053125 0.134375
2 0.4296875 0.33671875 0.046875 0.1296875
2 0.4796875 0.30234375 0.02578125 0.08046875
2 0.5125 0.28046875 0.0328125 0.096875
2 0.74765625 0.14921875 0.01328125 0.06640625
1 0.590625 0.55234375 0.16640625 0.30859375
1 0.46953125 0.42265625 0.153125 0.19765625
1 0.5765625 0.29296875 0.090625 0.1421875
1 0.64765625 0.3171875 0.09140625 0.15
1 0.72109375 0.375 0.103125 0.19453125