1 0.36796875 0.28125 0.05234375 0.06484375
1 0.35703125 0.2296875 0.034375 0.0421875
2 0.81484375 0.4078125 0.0359375 0.0890625
2 0.775 0.459375 0.04765625 0.065625
2 0.7640625 0.40234375 0.05 0.065625
2 0.65859375 0.46328125 0.0609375 0.09609375
2 0.5375 0.478125 0.0734375 0.090625
2 0.44453125 0.484375 0.071875 0.0984375
2 0.24296875 0.53046875 0.06875 0.09140625
2 0.33125 0.45859375 0.04609375 0.0796875
2 0.3515625 0.39921875 0.02265625 0.06796875
2 0.35625 0.346875 0.02734375 0.053125
2 0.325 0.32109375 0.0203125 0.04921875
2 0.30625 0.2875 0.01796875 0.05703125
2 0.33046875 0.27421875 0.015625 0.04375
2 0.31015625 0.253125 0.00859375 0.04921875
2 0.3203125 0.2609375 0.01640625 0.0453125