1 0.62578125 0.50078125 0.17265625 0.30703125
1 0.53046875 0.35390625 0.10390625 0.15546875
1 0.615625 0.28203125 0.08203125 0.12578125
1 0.7109375 0.34375 0.0875 0.15078125
1 0.40078125 0.46171875 0.18203125 0.27421875
1 0.75546875 0.1453125 0.02734375 0.05546875
2 0.4734375 0.52734375 0.06640625 0.23828125
2 0.67890625 0.72890625 0.07421875 0.31875
2 0.75625 0.4984375 0.04453125 0.20703125
2 0.7265625 0.57109375 0.05078125 0.21953125
2 0.765625 0.371875 0.0359375 0.10078125
2 0.29140625 0.47421875 0.07421875 0.20234375
2 0.34375 0.39140625 0.03984375 0.1171875