1 0.49765625 0.53203125 0.07109375 0.12109375
1 0.3921875 0.57890625 0.0546875 0.11875
2 0.46875 0.928125 0.04296875 0.14296875
2 0.3578125 0.65078125 0.02265625 0.1015625
2 0.3859375 0.77421875 0.0328125 0.12421875
2 0.421875 0.8015625 0.0328125 0.1265625
2 0.45546875 0.753125 0.028125 0.12265625
1 0.559375 0.8875 0.13046875 0.225
1 0.67578125 0.8953125 0.1328125 0.209375
1 0.315625 0.2640625 0.02421875 0.04296875
1 0.30546875 0.22421875 0.02109375 0.034375
2 0.43046875 0.36171875 0.01484375 0.05546875
2 0.44609375 0.3390625 0.01328125 0.0546875
2 0.4109375 0.31328125 0.01328125 0.04453125
2 0.3890625 0.32734375 0.01484375 0.04921875
2 0.35078125 0.303125 0.0125 0.04609375
2 0.37109375 0.25859375 0.01328125 0.03828125
2 0.34296875 0.25390625 0.01015625 0.034375
2 0.3484375 0.24296875 0.01015625 0.03515625
2 0.33359375 0.22890625 0.01015625 0.03359375