1 0.39296875 0.46015625 0.18671875 0.22578125
1 0.665625 0.365625 0.12890625 0.21953125
2 0.734375 0.771875 0.05859375 0.221875
2 0.41171875 0.5203125 0.084375 0.23515625
2 0.69140625 0.61640625 0.0828125 0.26328125
2 0.53203125 0.6109375 0.075 0.28359375
2 0.615625 0.3390625 0.0421875 0.15546875
2 0.27890625 0.4546875 0.07109375 0.215625
2 0.6 0.678125 0.07109375 0.2765625
2 0.7359375 0.71484375 0.06171875 0.33125
2 0.7046875 0.50859375 0.0484375 0.17109375
2 0.521875 0.45703125 0.0875 0.1703125
2 0.52734375 0.384375 0.05703125 0.115625
3 0.53125 0.32421875 0.11953125 0.14140625
1 0.665625 0.3640625 0.1265625 0.21796875
1 0.73828125 0.2453125 0.06328125 0.11796875
1 0.70625 0.20078125 0.04375 0.0703125
1 0.725 0.16484375 0.03984375 0.05859375
1 0.74140625 0.1453125 0.0328125 0.06171875
3 0.6515625 0.21875 0.09765625 0.14765625