1 0.34296875 0.4984375 0.21953125 0.3109375
1 0.70390625 0.41875 0.13671875 0.23671875
1 0.53515625 0.44453125 0.14453125 0.22421875
1 0.66015625 0.221875 0.07109375 0.109375
1 0.57890625 0.27890625 0.0875 0.128125
1 0.71484375 0.1640625 0.046875 0.07578125
2 0.52890625 0.640625 0.0640625 0.28125
2 0.71875 0.759375 0.078125 0.31171875
2 0.640625 0.6609375 0.0625 0.29296875
2 0.64375 0.565625 0.0859375 0.240625
2 0.73046875 0.58359375 0.046875 0.184375
2 0.76953125 0.5765625 0.03203125 0.228125
2 0.48359375 0.39921875 0.0390625 0.15078125
2 0.6265625 0.334375 0.0453125 0.13203125
2 0.65703125 0.2859375 0.0234375 0.10625
2 0.7125 0.2328125 0.025 0.08671875
2 0.753125 0.17109375 0.0140625 0.06171875