1 0.70625 0.2765625 0.07265625 0.11875
3 0.59140625 0.26328125 0.11875 0.209375
2 0.68359375 0.6796875 0.0640625 0.28359375
2 0.53046875 0.56875 0.0734375 0.2546875
2 0.65546875 0.3484375 0.03671875 0.14453125
2 0.60078125 0.59140625 0.0734375 0.26328125
2 0.6765625 0.55859375 0.05390625 0.240625
2 0.48515625 0.5140625 0.0625 0.22890625
2 0.31171875 0.46953125 0.08203125 0.190625
2 0.37265625 0.440625 0.0484375 0.17109375
2 0.37890625 0.35859375 0.04375 0.08671875
2 0.56171875 0.428125 0.0421875 0.16015625
2 0.5921875 0.47578125 0.05234375 0.19609375
2 0.61328125 0.3796875 0.0375 0.140625
2 0.61953125 0.31875 0.034375 0.12265625
2 0.5078125 0.334375 0.03359375 0.0890625
3 0.4546875 0.46171875 0.19296875 0.265625