1 0.48515625 0.9328125 0.0984375 0.134375
1 0.66484375 0.93046875 0.1234375 0.1390625
1 0.74296875 0.884375 0.1328125 0.23046875
1 0.5484375 0.7859375 0.09765625 0.19609375
1 0.62578125 0.703125 0.0703125 0.12890625
1 0.4515625 0.82109375 0.08203125 0.19609375
1 0.428125 0.6859375 0.06328125 0.121875
1 0.4875 0.6328125 0.06171875 0.12421875
1 0.54296875 0.56953125 0.05546875 0.0890625
1 0.4015625 0.57890625 0.04453125 0.08984375
1 0.5 0.51640625 0.0484375 0.078125
1 0.48671875 0.459375 0.046875 0.06953125
1 0.4453125 0.46875 0.04375 0.075
1 0.38203125 0.5171875 0.04140625 0.0859375
1 0.36875 0.46484375 0.03515625 0.07578125
1 0.46171875 0.4296875 0.0359375 0.05859375
1 0.38046875 0.3734375 0.028125 0.04921875
2 0.84296875 0.91796875 0.05859375 0.1421875
2 0.77578125 0.834375 0.04609375 0.1234375
2 0.7078125 0.74296875 0.0421875 0.090625
2 0.69453125 0.6921875 0.034375 0.075
2 0.403125 0.9453125 0.03671875 0.109375
2 0.39453125 0.87265625 0.0328125 0.11484375
2 0.371875 0.80390625 0.03203125 0.10859375
2 0.3875 0.7359375 0.021875 0.09921875
2 0.365625 0.7078125 0.01953125 0.084375
2 0.3640625 0.63203125 0.0234375 0.07890625
2 0.3515625 0.56640625 0.01875 0.0765625
2 0.36484375 0.58984375 0.0203125 0.0640625
2 0.6421875 0.625 0.025 0.0609375
2 0.61640625 0.6125 0.01875 0.05390625
2 0.6296875 0.6 0.0203125 0.06640625
2 0.6015625 0.56875 0.0171875 0.06484375
2 0.58515625 0.5546875 0.01875 0.071875
2 0.5640625 0.5296875 0.01953125 0.06640625
2 0.5390625 0.5046875 0.01875 0.04921875
2 0.41796875 0.5171875 0.01484375 0.06328125
2 0.33046875 0.42890625 0.01171875 0.0453125
2 0.32890625 0.3921875 0.01171875 0.04140625
2 0.325 0.35 0.01015625 0.0390625
2 0.33984375 0.29375 0.00703125 0.02421875
2 0.3640625 0.2921875 0.00703125 0.02421875
2 0.3140625 0.2875 0.0078125 0.025
3 0.5828125 0.63515625 0.071875 0.1109375
3 0.44453125 0.534375 0.053125 0.1296875
3 0.41796875 0.38203125 0.0375 0.0796875
3 0.46171875 0.378125 0.03046875 0.053125
3 0.36171875 0.4078125 0.03359375 0.07109375
2 0.6578125 0.6859375 0.03203125 0.0953125