1 0.803125 0.37890625 0.11640625 0.121875
1 0.35078125 0.23515625 0.0421875 0.0546875
2 0.28828125 0.24921875 0.0203125 0.0609375
2 0.325 0.29140625 0.0140625 0.06171875
2 0.30625 0.3 0.0203125 0.06015625
2 0.3390625 0.3171875 0.0140625 0.05078125
2 0.34140625 0.38203125 0.028125 0.06953125
2 0.365625 0.41875 0.0328125 0.09140625
2 0.39765625 0.43515625 0.028125 0.121875
2 0.4609375 0.5296875 0.04765625 0.13203125
2 0.62890625 0.64140625 0.06875 0.165625
2 0.86328125 0.50625 0.04375 0.1078125
2 0.9765625 0.48671875 0.046875 0.0984375
2 0.909375 0.4375 0.03359375 0.09296875
2 0.9640625 0.40078125 0.02109375 0.05234375
2 0.22734375 0.759375 0.0703125 0.13359375
2 0.95703125 0.8734375 0.0859375 0.196875