1 0.70625 0.19609375 0.0484375 0.090625
2 0.59375 0.65703125 0.0609375 0.30546875
2 0.69296875 0.63203125 0.059375 0.28828125
2 0.771875 0.53828125 0.05390625 0.20703125
2 0.55 0.5796875 0.0609375 0.2578125
2 0.32421875 0.4734375 0.06328125 0.1984375
2 0.3859375 0.4640625 0.0546875 0.20859375
2 0.38515625 0.37734375 0.059375 0.140625
2 0.60859375 0.39375 0.03984375 0.1640625
2 0.64765625 0.35234375 0.03046875 0.1546875
1 0.4890625 0.46875 0.17890625 0.29375
1 0.565625 0.29140625 0.1 0.140625
1 0.66171875 0.24453125 0.06953125 0.11015625
1 0.7578125 0.14765625 0.03671875 0.05859375