1 0.521875 0.84140625 0.0921875 0.1921875
1 0.83671875 0.94140625 0.13984375 0.11640625
2 0.8140625 0.8546875 0.046875 0.090625
2 0.75390625 0.796875 0.04140625 0.12265625
2 0.66640625 0.6390625 0.02734375 0.04921875
2 0.625 0.63984375 0.02421875 0.08125
3 0.69765625 0.7765625 0.121875 0.25625
1 0.59296875 0.67109375 0.08046875 0.1453125
1 0.49921875 0.628125 0.0578125 0.12109375
1 0.496875 0.53671875 0.06015625 0.09609375
2 0.51796875 0.5109375 0.01640625 0.06875
2 0.4890625 0.45546875 0.015625 0.05390625
2 0.4703125 0.43359375 0.015625 0.05
1 0.446875 0.4421875 0.03984375 0.06015625
3 0.47578125 0.3984375 0.03515625 0.0625
3 0.45234375 0.36875 0.028125 0.06171875
1 0.3765625 0.3359375 0.02734375 0.04609375
1 0.40078125 0.32265625 0.021875 0.0359375
1 0.33359375 0.31171875 0.01640625 0.034375
1 0.35234375 0.2828125 0.0140625 0.02890625
1 0.321875 0.28359375 0.01484375 0.02578125
1 0.3859375 0.29765625 0.0171875 0.02734375