0 0.5828125 0.60625 0.115625 0.18125
1 0.2328125 0.59765625 0.18203125 0.15
1 0.49296875 0.51875 0.075 0.09921875
1 0.0359375 0.665625 0.07109375 0.21640625
2 0.6890625 0.57421875 0.02421875 0.11484375
2 0.740625 0.915625 0.10390625 0.16875
2 0.7125 0.5140625 0.01953125 0.11015625
2 0.6625 0.51015625 0.02421875 0.10859375
2 0.590625 0.4359375 0.03203125 0.0796875
2 0.5546875 0.4453125 0.025 0.06953125
2 0.51328125 0.45625 0.0234375 0.059375
2 0.4703125 0.4453125 0.0265625 0.0546875
2 0.68125 0.403125 0.02109375 0.0515625
2 0.69375 0.41328125 0.02265625 0.06328125
2 0.7078125 0.45078125 0.025 0.0671875
2 0.7421875 0.4046875 0.02109375 0.0515625
2 0.78203125 0.38671875 0.02109375 0.0546875