2 0.41640625 0.95 0.03828125 0.1
1 0.57109375 0.64375 0.08671875 0.14140625
2 0.39375 0.89921875 0.03671875 0.15859375
2 0.428125 0.83046875 0.03203125 0.13828125
2 0.47265625 0.8734375 0.03984375 0.14296875
2 0.5234375 0.946875 0.0421875 0.10625
2 0.5671875 0.9265625 0.0484375 0.146875
2 0.8046875 0.94296875 0.0609375 0.1140625
2 0.87109375 0.9703125 0.06328125 0.059375
2 0.9421875 0.95859375 0.0640625 0.08203125
2 0.90078125 0.9140625 0.0671875 0.1546875
2 0.82578125 0.81875 0.0578125 0.15
2 0.79375 0.87109375 0.046875 0.1140625
2 0.55859375 0.5015625 0.028125 0.0796875
2 0.459375 0.53984375 0.02578125 0.090625
2 0.39765625 0.52734375 0.0234375 0.08671875
2 0.325 0.346875 0.01484375 0.05390625
2 0.38359375 0.32734375 0.0140625 0.0484375
2 0.30703125 0.29296875 0.01171875 0.04453125
2 0.37578125 0.25859375 0.01328125 0.0375
1 0.525 0.75625 0.11015625 0.22578125
1 0.64375 0.79140625 0.1171875 0.19140625
1 0.71875 0.91796875 0.140625 0.1640625
1 0.70859375 0.73359375 0.1234375 0.21015625
1 0.34921875 0.30234375 0.0296875 0.05625
1 0.3359375 0.22109375 0.02421875 0.040625