1 0.5890625 0.5390625 0.16875 0.2734375
1 0.45625 0.428125 0.175 0.18984375
1 0.57421875 0.28828125 0.1 0.15703125
1 0.65078125 0.31796875 0.09375 0.1390625
1 0.7203125 0.375 0.10625 0.21875
1 0.6859375 0.20546875 0.0546875 0.1109375
2 0.30390625 0.43828125 0.0625 0.19140625
2 0.4046875 0.38203125 0.0578125 0.153125
2 0.46328125 0.30859375 0.0484375 0.1046875
2 0.51796875 0.28515625 0.040625 0.1109375
2 0.47578125 0.56796875 0.0640625 0.253125
2 0.690625 0.8 0.1015625 0.4
2 0.70703125 0.5890625 0.0703125 0.2453125
2 0.78359375 0.5609375 0.05234375 0.2296875