1 0.71796875 0.91953125 0.1390625 0.16015625
1 0.74375 0.846875 0.1203125 0.1859375
1 0.609375 0.76328125 0.1 0.19453125
1 0.43671875 0.72578125 0.07109375 0.13984375
1 0.53984375 0.63984375 0.075 0.12578125
1 0.4953125 0.559375 0.0546875 0.09921875
1 0.41171875 0.34140625 0.02421875 0.03984375
2 0.84453125 0.9234375 0.0453125 0.13515625
2 0.53203125 0.80546875 0.03203125 0.12109375
2 0.396875 0.940625 0.04375 0.11875
2 0.3921875 0.80546875 0.0296875 0.11796875
2 0.59296875 0.63828125 0.02421875 0.07578125
2 0.625 0.63515625 0.02578125 0.08125
2 0.55546875 0.57890625 0.02109375 0.0859375
2 0.40859375 0.434375 0.01484375 0.0484375
2 0.47578125 0.4640625 0.021875 0.04921875
2 0.37109375 0.36171875 0.0109375 0.03359375
2 0.34453125 0.2734375 0.00546875 0.02265625
2 0.33671875 0.25703125 0.00703125 0.0171875
2 0.31484375 0.24453125 0.00625 0.0171875
2 0.3203125 0.23046875 0.0046875 0.0171875
2 0.31328125 0.2265625 0.0046875 0.0140625
3 0.49765625 0.446875 0.0453125 0.0703125
3 0.46328125 0.38671875 0.03046875 0.06015625
3 0.446875 0.36640625 0.02734375 0.0625
3 0.4609375 0.878125 0.10390625 0.2109375
2 0.66328125 0.7390625 0.04296875 0.12890625
2 0.6984375 0.71640625 0.03984375 0.08359375
2 0.69296875 0.6796875 0.03203125 0.0578125