1 0.628125 0.4671875 0.15234375 0.2859375
1 0.72265625 0.16796875 0.04921875 0.0734375
3 0.60546875 0.28359375 0.13359375 0.22890625
2 0.07734375 0.79140625 0.153125 0.37890625
2 0.30703125 0.54609375 0.09453125 0.2421875
2 0.73125 0.7375 0.0671875 0.29765625
2 0.50859375 0.64140625 0.0859375 0.28359375
2 0.66875 0.6078125 0.06015625 0.2296875
2 0.5890625 0.7625 0.0890625 0.3171875
2 0.72734375 0.56484375 0.0546875 0.21015625
2 0.75703125 0.475 0.0453125 0.1984375
2 0.7359375 0.41328125 0.03828125 0.16875
2 0.7828125 0.41953125 0.025 0.1609375
2 0.8140625 0.4 0.01953125 0.1359375
2 0.7203125 0.36796875 0.03046875 0.14375
2 0.69375 0.30703125 0.02734375 0.08515625
2 0.7015625 0.24296875 0.025 0.08359375
2 0.7140625 0.28125 0.0234375 0.0828125
2 0.76015625 0.3328125 0.0265625 0.096875