1 0.37421875 0.61875 0.20703125 0.20078125
1 0.7546875 0.37734375 0.084375 0.0796875
1 0.74453125 0.56171875 0.1796875 0.1734375
1 0.940625 0.4890625 0.11796875 0.11328125
1 0.334375 0.33515625 0.05625 0.0734375
1 0.95703125 0.54609375 0.0859375 0.1515625
2 0.59921875 0.49609375 0.071875 0.125
2 0.6203125 0.31796875 0.0203125 0.05546875
2 0.603125 0.30625 0.01796875 0.0625
2 0.540625 0.26796875 0.01171875 0.0453125
1 0.46875 0.25546875 0.01796875 0.04140625
1 0.378125 0.53671875 0.1921875 0.13828125