0 0.353125 0.74921875 0.24140625 0.40234375
0 0.22109375 0.3609375 0.04609375 0.08671875
0 0.21640625 0.3296875 0.0359375 0.0375
1 0.240625 0.38984375 0.03515625 0.059375
1 0.19296875 0.353125 0.01875 0.040625
2 0.1703125 0.37890625 0.01171875 0.03984375
2 0.1953125 0.42109375 0.0171875 0.05703125
2 0.228125 0.42265625 0.0171875 0.05859375
2 0.25 0.44140625 0.02109375 0.071875
2 0.29375 0.403125 0.0140625 0.05390625
2 0.30703125 0.50703125 0.05625 0.11484375
2 0.77734375 0.48515625 0.0328125 0.071875
1 0.47578125 0.6296875 0.165625 0.190625
1 0.8703125 0.92578125 0.25859375 0.1484375