1 0.4125 0.4390625 0.21171875 0.2796875
1 0.6015625 0.2859375 0.0875 0.13203125
2 0.3875 0.6125 0.09921875 0.275
2 0.74609375 0.628125 0.06875 0.24765625
2 0.51015625 0.559375 0.059375 0.26484375
2 0.4484375 0.67734375 0.06640625 0.2953125
2 0.6828125 0.70234375 0.06015625 0.3125
2 0.10859375 0.91328125 0.1859375 0.1734375
2 0.52265625 0.43515625 0.053125 0.1546875
2 0.7171875 0.45078125 0.03125 0.19375
2 0.7703125 0.51484375 0.0359375 0.19375
2 0.6078125 0.3453125 0.040625 0.11875
2 0.653125 0.31171875 0.03203125 0.12734375
2 0.70390625 0.26484375 0.02578125 0.078125
3 0.609375 0.56328125 0.21484375 0.4359375
1 0.71875 0.34921875 0.0953125 0.18125
1 0.66953125 0.20546875 0.06796875 0.0953125
1 0.7125 0.1703125 0.04609375 0.0875
1 0.74375 0.16484375 0.01953125 0.059375
3 0.7546875 0.1296875 0.03984375 0.08984375