3 0.665625 0.4109375 0.15546875 0.309375
2 0.63828125 0.64375 0.06171875 0.2609375
2 0.78046875 0.43046875 0.0328125 0.1671875
2 0.39296875 0.54140625 0.08828125 0.2234375
2 0.45859375 0.56796875 0.0765625 0.2421875
2 0.73046875 0.728125 0.08046875 0.32109375
2 0.709375 0.5765625 0.05546875 0.22421875
2 0.4875 0.45390625 0.0609375 0.146875
2 0.74140625 0.4625 0.0421875 0.17421875
2 0.59375 0.36640625 0.0375 0.12421875
2 0.2875 0.48671875 0.08359375 0.20390625
2 0.36015625 0.4875 0.06796875 0.2015625
2 0.35859375 0.415625 0.06640625 0.16328125
2 0.40390625 0.40390625 0.0515625 0.1453125
2 0.43984375 0.36328125 0.040625 0.1390625
2 0.4578125 0.3046875 0.021875 0.0765625
2 0.55390625 0.421875 0.04921875 0.18125
3 0.53203125 0.31171875 0.159375 0.26171875
3 0.678125 0.18359375 0.10078125 0.15390625
1 0.634375 0.271875 0.071875 0.11953125
1 0.75078125 0.2671875 0.0546875 0.153125
2 0.73203125 0.21015625 0.0234375 0.06875