1 0.1296875 0.58828125 0.1390625 0.1
1 0.40703125 0.528125 0.12421875 0.12421875
1 0.7171875 0.5609375 0.1078125 0.2234375
1 0.51015625 0.4390625 0.0859375 0.0765625
1 0.603125 0.36484375 0.059375 0.06796875
1 0.65390625 0.321875 0.0359375 0.053125
1 0.6890625 0.33671875 0.0421875 0.06875
3 0.5578125 0.46171875 0.096875 0.13984375
2 0.3703125 0.5828125 0.05625 0.1375
2 0.440625 0.4484375 0.03359375 0.0640625
2 0.50703125 0.38515625 0.01484375 0.02578125
2 0.0296875 0.88359375 0.059375 0.15390625
2 0.07734375 0.63125 0.06015625 0.0984375
2 0.02109375 0.6421875 0.0421875 0.11875