2 0.71484375 0.4203125 0.0203125 0.09765625
2 0.62265625 0.36171875 0.015625 0.0625
2 0.659375 0.3125 0.01015625 0.0421875
1 0.68984375 0.3015625 0.03203125 0.04375
2 0.74453125 0.35390625 0.0125 0.05703125
2 0.76484375 0.3625 0.01171875 0.0640625
2 0.78515625 0.35390625 0.0125 0.05390625
2 0.75390625 0.33125 0.0109375 0.05078125
2 0.796875 0.32578125 0.01015625 0.046875
1 0.72578125 0.3296875 0.03515625 0.06015625
1 0.7390625 0.30625 0.0265625 0.0515625
1 0.79140625 0.2734375 0.015625 0.02890625
3 0.76953125 0.271875 0.01953125 0.0375