1 0.64296875 0.58515625 0.19453125 0.39296875
1 0.7078125 0.18125 0.05859375 0.09296875
1 0.590625 0.40859375 0.15234375 0.2453125
2 0.20859375 0.5265625 0.0953125 0.21015625
2 0.4609375 0.553125 0.07265625 0.2359375
2 0.3796875 0.5265625 0.08203125 0.21953125
2 0.52578125 0.6 0.07109375 0.2671875
2 0.7 0.8390625 0.08671875 0.31953125
2 0.75078125 0.15859375 0.015625 0.0609375
2 0.7609375 0.63125 0.04453125 0.25625
2 0.2875 0.52734375 0.1140625 0.19921875
2 0.29765625 0.42890625 0.07265625 0.16015625
2 0.45546875 0.4484375 0.053125 0.1859375
2 0.765625 0.49140625 0.04375 0.13359375
2 0.77265625 0.41171875 0.0375 0.0765625
2 0.66953125 0.36640625 0.034375 0.06328125
2 0.67734375 0.31875 0.03046875 0.09609375
2 0.5359375 0.359375 0.040625 0.14765625
2 0.4421875 0.303125 0.03515625 0.06640625
1 0.75390625 0.33515625 0.08359375 0.1453125
3 0.4296875 0.3953125 0.153125 0.178125