1 0.4328125 0.484375 0.1734375 0.26328125
1 0.57265625 0.31171875 0.12421875 0.1890625
1 0.65546875 0.2484375 0.06015625 0.1046875
1 0.621875 0.47890625 0.1421875 0.28359375
1 0.7140625 0.35703125 0.09296875 0.16953125
2 0.66484375 0.746875 0.075 0.3
2 0.54921875 0.6875 0.0765625 0.28046875
2 0.50546875 0.503125 0.06171875 0.23046875
2 0.7453125 0.52734375 0.04765625 0.221875
2 0.225 0.484375 0.090625 0.19453125
2 0.290625 0.46875 0.0671875 0.19375
2 0.32734375 0.4921875 0.06875 0.20546875
2 0.35234375 0.3984375 0.06171875 0.1234375
2 0.41953125 0.35390625 0.0484375 0.09140625
2 0.44375 0.31796875 0.0390625 0.0875
2 0.7 0.571875 0.0546875 0.228125
2 0.715625 0.4375 0.03671875 0.1421875
2 0.76875 0.41484375 0.03515625 0.15234375
2 0.79296875 0.38828125 0.015625 0.13046875
2 0.71640625 0.15625 0.01875 0.0609375
2 0.6515625 0.1828125 0.0203125 0.034375
1 0.75546875 0.234375 0.02421875 0.1015625