1 0.5125 0.88046875 0.1234375 0.2390625
1 0.63828125 0.8375 0.13984375 0.26796875
1 0.7140625 0.78515625 0.13359375 0.23203125
1 0.41953125 0.66640625 0.07421875 0.178125
1 0.5109375 0.590625 0.078125 0.1625
1 0.3828125 0.5609375 0.053125 0.12421875
1 0.51171875 0.44296875 0.0546875 0.09765625
1 0.47734375 0.3953125 0.04453125 0.08046875
2 0.89453125 0.93515625 0.05859375 0.1296875
2 0.825 0.86796875 0.04921875 0.14140625
2 0.79453125 0.7953125 0.0515625 0.13046875
2 0.74296875 0.69609375 0.04609375 0.10390625
2 0.59140625 0.928125 0.03828125 0.14375
2 0.3984375 0.9453125 0.0375 0.10859375
2 0.4015625 0.8640625 0.04375 0.140625
2 0.3828125 0.78125 0.0390625 0.115625
2 0.3640625 0.7421875 0.02578125 0.1171875
2 0.55859375 0.8375 0.03359375 0.1359375
2 0.521875 0.76953125 0.03203125 0.12578125
2 0.5421875 0.7328125 0.0375 0.09765625
2 0.603125 0.6015625 0.03359375 0.11484375
2 0.509375 0.496875 0.02734375 0.06640625
2 0.31796875 0.50078125 0.01953125 0.07578125
2 0.34609375 0.5171875 0.0234375 0.084375
2 0.33125 0.41328125 0.01640625 0.0640625