1 0.5625 0.9015625 0.11484375 0.196875
1 0.63125 0.80859375 0.103125 0.18359375
1 0.659375 0.73046875 0.0984375 0.16015625
1 0.49375 0.69140625 0.07890625 0.1625
1 0.4515625 0.55078125 0.0484375 0.0984375
1 0.49921875 0.5046875 0.05234375 0.0828125
1 0.471875 0.4578125 0.0421875 0.065625
1 0.43359375 0.4203125 0.03515625 0.05546875
1 0.3890625 0.428125 0.0359375 0.0609375
1 0.41328125 0.384375 0.03359375 0.05234375
1 0.37265625 0.3640625 0.0234375 0.046875
1 0.41328125 0.3390625 0.02421875 0.03828125
1 0.40234375 0.321875 0.02109375 0.03671875
1 0.3859375 0.29765625 0.015625 0.0265625
1 0.3546875 0.30078125 0.01875 0.03125
1 0.32734375 0.30234375 0.01875 0.03203125
2 0.43671875 0.89296875 0.03359375 0.1484375
2 0.9015625 0.9671875 0.059375 0.065625
2 0.8046875 0.928125 0.05234375 0.1421875
2 0.74453125 0.79765625 0.03984375 0.115625
2 0.70078125 0.70859375 0.03125 0.11328125
2 0.65703125 0.6484375 0.021875 0.05234375
2 0.60234375 0.65234375 0.02421875 0.08046875
2 0.61875 0.625 0.02578125 0.0625
2 0.55703125 0.63515625 0.05234375 0.14609375
2 0.58203125 0.83515625 0.03515625 0.1140625
2 0.37890625 0.32265625 0.00859375 0.03203125
2 0.371875 0.30859375 0.0078125 0.03125
0 0.38515625 0.54921875 0.06796875 0.190625
3 0.47578125 0.39921875 0.03515625 0.0625
3 0.453125 0.36953125 0.0296875 0.06328125