1 0.43515625 0.4984375 0.10625 0.09453125
1 0.29375 0.5609375 0.14140625 0.125
1 0.5671875 0.4515625 0.09296875 0.096875
1 0.66796875 0.42578125 0.0734375 0.07578125
3 0.73125 0.3953125 0.06875 0.0734375
2 0.125 0.61640625 0.06015625 0.11484375
2 0.0828125 0.6015625 0.04453125 0.10703125
2 0.36875 0.39453125 0.0140625 0.04375
2 0.4328125 0.37890625 0.01171875 0.04140625
2 0.4453125 0.3765625 0.01015625 0.04375
1 0.40703125 0.37421875 0.0296875 0.0390625
2 0.346875 0.37578125 0.01015625 0.040625
1 0.3421875 0.35 0.025 0.04296875
1 0.82734375 0.37890625 0.03984375 0.04921875
2 0.8171875 0.39296875 0.01484375 0.0515625