2 0.77109375 0.95390625 0.05078125 0.09140625
2 0.64296875 0.90546875 0.0578125 0.1609375
2 0.41484375 0.96171875 0.04140625 0.07578125
2 0.375 0.7203125 0.02734375 0.10390625
2 0.365625 0.59140625 0.0203125 0.08203125
2 0.4328125 0.4890625 0.01640625 0.05078125
2 0.53515625 0.55625 0.01875 0.06796875
2 0.33515625 0.30703125 0.00859375 0.03203125
1 0.47734375 0.83359375 0.09140625 0.209375
3 0.55390625 0.65546875 0.07578125 0.13046875
1 0.6328125 0.66953125 0.0890625 0.14375
1 0.5078125 0.57109375 0.0578125 0.10625
1 0.484375 0.4984375 0.04296875 0.09296875
1 0.45703125 0.46484375 0.034375 0.07421875
3 0.45078125 0.60234375 0.08046875 0.18828125
3 0.55 0.490625 0.0515625 0.1203125
3 0.47578125 0.40078125 0.0359375 0.06484375
3 0.453125 0.36953125 0.03125 0.06328125
1 0.3734375 0.415625 0.03203125 0.06328125
1 0.403125 0.32109375 0.0234375 0.0390625
1 0.3703125 0.31015625 0.01796875 0.03203125
1 0.38515625 0.29765625 0.015625 0.0265625
1 0.328125 0.29140625 0.015625 0.03046875