1 0.59296875 0.534375 0.1703125 0.2671875
1 0.46953125 0.4265625 0.1515625 0.19296875
1 0.57890625 0.28671875 0.09140625 0.1265625
1 0.6546875 0.309375 0.09296875 0.121875
1 0.71953125 0.3703125 0.1140625 0.18515625
2 0.6921875 0.79453125 0.0796875 0.33671875
2 0.44375 0.58359375 0.084375 0.234375
2 0.33046875 0.525 0.078125 0.21015625
2 0.29609375 0.46015625 0.071875 0.20078125
2 0.375 0.39609375 0.046875 0.125
2 0.4171875 0.346875 0.046875 0.1265625
2 0.51796875 0.49375 0.04765625 0.19140625
2 0.709375 0.57421875 0.06015625 0.20703125
1 0.725 0.17421875 0.05546875 0.07734375