2 0.88359375 0.97265625 0.0546875 0.0546875
2 0.7828125 0.9609375 0.05078125 0.078125
2 0.60234375 0.80078125 0.0328125 0.1234375
2 0.42890625 0.603125 0.02265625 0.0875
2 0.4703125 0.5015625 0.01640625 0.0625
1 0.60390625 0.925 0.1140625 0.15
1 0.6546875 0.75546875 0.0953125 0.15390625
3 0.48125 0.73828125 0.08203125 0.18046875
1 0.471875 0.43828125 0.04375 0.0609375
3 0.42109375 0.41484375 0.03671875 0.07265625
3 0.4625 0.38203125 0.03125 0.0515625
2 0.41953125 0.371875 0.01171875 0.02421875
1 0.384375 0.35390625 0.0265625 0.04296875
1 0.41328125 0.3421875 0.02265625 0.03828125
1 0.403125 0.328125 0.01640625 0.03046875
1 0.36640625 0.31328125 0.02109375 0.0328125
1 0.33046875 0.24375 0.01015625 0.01796875
2 0.33203125 0.28046875 0.00859375 0.02109375
2 0.3453125 0.25625 0.00703125 0.02109375
2 0.3078125 0.23046875 0.0046875 0.015625
2 0.3265625 0.22421875 0.00546875 0.01875
1 0.3171875 0.234375 0.00859375 0.0171875
1 0.3171875 0.221875 0.0078125 0.01328125