1 0.58984375 0.54765625 0.1671875 0.28984375
1 0.47265625 0.41796875 0.16953125 0.17578125
1 0.57578125 0.28125 0.0890625 0.1296875
1 0.65234375 0.32265625 0.09140625 0.1359375
1 0.71796875 0.36953125 0.10078125 0.19609375
2 0.696875 0.7890625 0.0734375 0.353125
2 0.44921875 0.565625 0.0734375 0.21171875
2 0.33046875 0.53359375 0.09296875 0.20390625
2 0.29453125 0.4703125 0.05703125 0.20703125
2 0.38046875 0.39140625 0.0546875 0.140625
2 0.421875 0.3390625 0.03984375 0.128125
2 0.4796875 0.30078125 0.03046875 0.07734375
2 0.5203125 0.46875 0.04609375 0.15859375
2 0.7171875 0.56171875 0.07109375 0.21328125
2 0.7171875 0.19921875 0.01875 0.08359375