2 0.7953125 0.4390625 0.05234375 0.09921875
2 0.521875 0.4859375 0.07578125 0.1171875
2 0.3765625 0.54765625 0.08515625 0.1046875
2 0.3234375 0.496875 0.06015625 0.10234375
2 0.3640625 0.3859375 0.02890625 0.08984375
2 0.3375 0.3421875 0.02421875 0.059375
2 0.240625 0.553125 0.0765625 0.09296875
2 0.584375 0.71796875 0.1109375 0.1453125
2 0.690625 0.84921875 0.11875 0.17109375
2 0.3875 0.90546875 0.08984375 0.1890625
2 0.39453125 0.29296875 0.0234375 0.06171875
2 0.33984375 0.28359375 0.03125 0.07421875
2 0.36484375 0.29765625 0.01796875 0.05234375
2 0.3765625 0.28515625 0.01484375 0.04609375
2 0.30234375 0.221875 0.0171875 0.03359375
1 0.3640625 0.25234375 0.03984375 0.0671875
1 0.90078125 0.4109375 0.08515625 0.10234375