2 0.3609375 0.846875 0.09921875 0.26796875
2 0.5671875 0.7375 0.05859375 0.2140625
2 0.58359375 0.56015625 0.0453125 0.15078125
2 0.71171875 0.4890625 0.0296875 0.12734375
2 0.63203125 0.4375 0.02734375 0.10234375
2 0.51484375 0.4296875 0.03984375 0.09140625
2 0.67890625 0.3953125 0.01953125 0.0796875
2 0.69375 0.42109375 0.015625 0.09453125
2 0.71953125 0.4265625 0.021875 0.07890625
2 0.759375 0.40078125 0.0171875 0.078125
2 0.73046875 0.36640625 0.0171875 0.06328125
2 0.71015625 0.36328125 0.01484375 0.06875
2 0.70078125 0.3484375 0.0171875 0.06875
1 0.740625 0.31796875 0.03203125 0.05625
1 0.7578125 0.29765625 0.02265625 0.05546875
2 0.784375 0.34921875 0.0171875 0.05078125
1 0.784375 0.30234375 0.0296875 0.0625