1 0.78046875 0.4109375 0.06484375 0.0765625
1 0.52109375 0.41328125 0.071875 0.0703125
2 0.40625 0.56953125 0.046875 0.10078125
2 0.2421875 0.53515625 0.0453125 0.08671875
2 0.42578125 0.6109375 0.04453125 0.12265625
2 0.69921875 0.475 0.03046875 0.0984375
2 0.7359375 0.45625 0.0296875 0.0765625
2 0.828125 0.41015625 0.01875 0.065625
2 0.56015625 0.428125 0.03125 0.06640625
2 0.3734375 0.3703125 0.01328125 0.03671875
1 0.38203125 0.3390625 0.0234375 0.0328125
1 0.35703125 0.31953125 0.015625 0.0265625