3 0.403125 0.440625 0.27578125 0.3890625
2 0.53359375 0.60390625 0.07265625 0.2828125
2 0.60078125 0.678125 0.07265625 0.27734375
2 0.73828125 0.725 0.0640625 0.31875
2 0.68828125 0.61953125 0.07890625 0.265625
2 0.75234375 0.46796875 0.04765625 0.18359375
0 0.63125 0.24609375 0.10703125 0.18359375
2 0.54765625 0.48828125 0.05703125 0.18046875
2 0.615625 0.52578125 0.04140625 0.17421875
2 0.70078125 0.4921875 0.04453125 0.13671875
2 0.59609375 0.45078125 0.04140625 0.17890625
2 0.646875 0.4703125 0.0390625 0.2
2 0.67578125 0.41484375 0.03359375 0.16953125
2 0.6375 0.384375 0.03359375 0.128125
3 0.75234375 0.33125 0.0859375 0.21015625
1 0.7078125 0.1890625 0.0484375 0.07421875
1 0.73828125 0.1578125 0.0421875 0.075
1 0.76171875 0.1234375 0.03046875 0.059375