1 0.75 0.94453125 0.12578125 0.11015625
1 0.52578125 0.93515625 0.0984375 0.1296875
1 0.475 0.83359375 0.084375 0.18828125
1 0.47109375 0.484375 0.046875 0.08046875
1 0.4328125 0.4109375 0.0375 0.05390625
1 0.36171875 0.303125 0.01953125 0.034375
1 0.40390625 0.32109375 0.0234375 0.0375
1 0.38515625 0.29765625 0.0171875 0.0296875
2 0.39921875 0.8140625 0.03046875 0.11875
2 0.39375 0.7234375 0.028125 0.08359375
2 0.6734375 0.69296875 0.0359375 0.1
3 0.621875 0.7109375 0.08671875 0.13828125
3 0.47578125 0.39921875 0.0375 0.06796875
3 0.45234375 0.36796875 0.0296875 0.06015625
2 0.5234375 0.5 0.02109375 0.06640625
2 0.42109375 0.48125 0.01640625 0.06640625
2 0.39453125 0.35078125 0.01328125 0.0359375
2 0.3875 0.33046875 0.01015625 0.0328125
2 0.359375 0.3515625 0.0125 0.0375