1 0.8296875 0.95859375 0.1171875 0.0828125
1 0.41171875 0.34140625 0.028125 0.04375
1 0.35078125 0.28671875 0.015625 0.02578125
1 0.33046875 0.26953125 0.01484375 0.02578125
1 0.32890625 0.24453125 0.01015625 0.0203125
2 0.77109375 0.89921875 0.0453125 0.11640625
2 0.69765625 0.78828125 0.053125 0.1328125
2 0.60859375 0.6765625 0.0296875 0.0921875
2 0.39375 0.35078125 0.00859375 0.0328125
2 0.3171875 0.265625 0.0046875 0.01796875
2 0.3140625 0.2515625 0.00546875 0.0140625
2 0.32109375 0.2515625 0.0046875 0.0171875
2 0.3109375 0.240625 0.0046875 0.01484375
2 0.3078125 0.23125 0.00546875 0.01484375
2 0.315625 0.23671875 0.00625 0.01484375
3 0.56640625 0.5265625 0.0796875 0.134375
3 0.4984375 0.4421875 0.04453125 0.0734375
3 0.4625 0.384375 0.0296875 0.05546875
3 0.446875 0.36015625 0.028125 0.046875
3 0.3203125 0.2296875 0.01015625 0.02109375