1 0.415625 0.38828125 0.16484375 0.22578125
1 0.6546875 0.4484375 0.14296875 0.2484375
1 0.72890625 0.3234375 0.08359375 0.16171875
2 0.61171875 0.70390625 0.07109375 0.28359375
2 0.1375 0.8765625 0.17265625 0.24375
2 0.55703125 0.6328125 0.0703125 0.278125
2 0.75 0.6078125 0.0546875 0.24921875
2 0.21875 0.73828125 0.13515625 0.27109375
2 0.30703125 0.5765625 0.109375 0.2453125
2 0.675 0.5734375 0.05546875 0.25
2 0.55546875 0.3765625 0.03671875 0.153125
2 0.2296875 0.53046875 0.0984375 0.22421875
2 0.47109375 0.44921875 0.06015625 0.1875
2 0.4953125 0.3890625 0.05625 0.1359375
2 0.49765625 0.2875 0.0296875 0.08515625
2 0.5359375 0.2640625 0.0265625 0.0828125
2 0.56640625 0.22578125 0.028125 0.05078125
2 0.58984375 0.33671875 0.034375 0.13359375
2 0.6390625 0.33046875 0.03515625 0.090625
2 0.76484375 0.48671875 0.0421875 0.16171875
2 0.78125 0.40546875 0.034375 0.128125
2 0.82109375 0.3859375 0.02734375 0.10625
1 0.55703125 0.31640625 0.09765625 0.1421875
1 0.6234375 0.24921875 0.07265625 0.1328125
1 0.6828125 0.2140625 0.05390625 0.096875
1 0.71484375 0.18125 0.0421875 0.0828125