1 0.27578125 0.5265625 0.1015625 0.0953125
1 0.4796875 0.540625 0.1125 0.1125
2 0.20703125 0.6765625 0.084375 0.15078125
2 0.46796875 0.57578125 0.0578125 0.13203125
2 0.74453125 0.46640625 0.025 0.08359375
2 0.6734375 0.4390625 0.02578125 0.071875
2 0.628125 0.4078125 0.03046875 0.05859375
2 0.58671875 0.415625 0.0328125 0.0640625
2 0.49765625 0.415625 0.02734375 0.06171875
1 0.5125 0.39765625 0.0671875 0.05625
1 0.43984375 0.4078125 0.0609375 0.0640625
2 0.36328125 0.38046875 0.009375 0.040625
1 0.8328125 0.39375 0.0421875 0.053125
2 0.93828125 0.75703125 0.0734375 0.1875