1 0.69609375 0.228125 0.06640625 0.11796875
2 0.4484375 0.5390625 0.07890625 0.21640625
2 0.3796875 0.49765625 0.07265625 0.196875
2 0.58125 0.40859375 0.0484375 0.15546875
2 0.26171875 0.47265625 0.08203125 0.21171875
2 0.5296875 0.4765625 0.0546875 0.209375
2 0.61796875 0.67578125 0.071875 0.3078125
2 0.54375 0.6328125 0.06484375 0.2515625
2 0.71484375 0.71484375 0.07109375 0.3015625
2 0.446875 0.38828125 0.0390625 0.1546875
2 0.325 0.48515625 0.07734375 0.20859375
2 0.6921875 0.30546875 0.0296875 0.1234375
2 0.72734375 0.5734375 0.05703125 0.2203125
2 0.61328125 0.53984375 0.04765625 0.21328125
2 0.73671875 0.4515625 0.04375 0.1640625
2 0.74375 0.37890625 0.046875 0.11875
2 0.35625 0.403125 0.046875 0.12109375
2 0.4140625 0.3703125 0.046875 0.14765625
2 0.4703125 0.32421875 0.02890625 0.09453125
1 0.5203125 0.37890625 0.1296875 0.221875
1 0.603125 0.26796875 0.084375 0.14296875
1 0.72109375 0.15703125 0.04453125 0.06875