1 0.61171875 0.5109375 0.17109375 0.3234375
2 0.45859375 0.66640625 0.06328125 0.30078125
2 0.66640625 0.70390625 0.07578125 0.321875
2 0.71015625 0.56484375 0.04765625 0.19765625
2 0.61171875 0.2109375 0.02890625 0.0796875
2 0.64921875 0.32890625 0.034375 0.06796875
2 0.67734375 0.315625 0.03125 0.1203125
2 0.734375 0.478125 0.04765625 0.16953125
2 0.77578125 0.478125 0.0296875 0.1796875
2 0.8125 0.40234375 0.0203125 0.14296875
1 0.7390625 0.371875 0.10234375 0.18984375
1 0.74375 0.2421875 0.0390625 0.0734375