1 0.55234375 0.38671875 0.13515625 0.14609375
1 0.9609375 0.51171875 0.078125 0.1640625
2 0.34375 0.696875 0.10234375 0.13203125
2 0.45625 0.61015625 0.09921875 0.115625
2 0.584375 0.62578125 0.103125 0.10859375
2 0.60234375 0.53671875 0.0875 0.0875
2 0.75546875 0.5078125 0.0640625 0.09375
2 0.79140625 0.41171875 0.059375 0.0609375
2 0.83515625 0.3875 0.040625 0.0640625
2 0.85625 0.465625 0.04453125 0.08515625
2 0.8859375 0.50078125 0.03671875 0.07890625
2 0.921875 0.44296875 0.03046875 0.0640625
2 0.96640625 0.40390625 0.02421875 0.0484375
2 0.9203125 0.70234375 0.04609375 0.1421875
2 0.465625 0.3484375 0.046875 0.0609375
2 0.29453125 0.28125 0.01796875 0.0421875