1 0.05703125 0.65703125 0.10859375 0.1359375
1 0.690625 0.4046875 0.05546875 0.05546875
1 0.7609375 0.39296875 0.05625 0.05078125
2 0.5515625 0.4296875 0.03515625 0.0671875
2 0.48515625 0.425 0.0265625 0.0640625
2 0.69453125 0.44921875 0.0296875 0.07890625
2 0.765625 0.4375 0.02421875 0.07421875
2 0.9703125 0.7296875 0.059375 0.18515625
1 0.8078125 0.4078125 0.053125 0.06640625
1 0.81875 0.37265625 0.059375 0.06640625
1 0.371875 0.3421875 0.02421875 0.03046875
2 0.365625 0.4390625 0.0171875 0.065625