1 0.596875 0.54453125 0.16796875 0.3140625
1 0.38828125 0.42890625 0.20859375 0.26640625
1 0.57421875 0.30859375 0.10859375 0.1640625
1 0.7015625 0.37578125 0.10703125 0.20390625
2 0.659375 0.7171875 0.06328125 0.30703125
2 0.778125 0.3953125 0.03671875 0.13515625
2 0.43203125 0.62734375 0.08515625 0.2671875
2 0.746875 0.63671875 0.05859375 0.271875
2 0.396875 0.521875 0.075 0.21953125
2 0.56015625 0.41875 0.0515625 0.18671875
2 0.48671875 0.50625 0.06484375 0.18828125
2 0.6921875 0.571875 0.0578125 0.2203125
2 0.48515625 0.4421875 0.05625 0.15625
2 0.49296875 0.3359375 0.03828125 0.11953125
2 0.50078125 0.30078125 0.03359375 0.1109375
2 0.55234375 0.24921875 0.0234375 0.06640625
2 0.725 0.24609375 0.0265625 0.06640625
2 0.7296875 0.1875 0.021875 0.0734375
1 0.75 0.1484375 0.03515625 0.06328125
3 0.6421875 0.2546875 0.07578125 0.1265625