1 0.61171875 0.51171875 0.17109375 0.31953125
1 0.4375 0.44609375 0.1828125 0.26796875
1 0.5859375 0.3078125 0.10859375 0.153125
2 0.66484375 0.71328125 0.07421875 0.33515625
2 0.44296875 0.5734375 0.0796875 0.2359375
2 0.27421875 0.47265625 0.0859375 0.21484375
2 0.53828125 0.4671875 0.05390625 0.196875
2 0.35625 0.41171875 0.0578125 0.165625
2 0.709375 0.5734375 0.04921875 0.21484375
2 0.7296875 0.47109375 0.05 0.16328125
2 0.590625 0.375 0.0390625 0.1328125
2 0.41875 0.33515625 0.03828125 0.08359375
2 0.47265625 0.290625 0.0390625 0.06015625
2 0.51171875 0.2921875 0.0359375 0.1046875
2 0.628125 0.3328125 0.04140625 0.0921875
2 0.659375 0.31328125 0.02734375 0.09765625
2 0.815625 0.3890625 0.021875 0.12109375
2 0.55703125 0.26015625 0.028125 0.08125
2 0.57578125 0.21953125 0.02109375 0.04375
2 0.61171875 0.2078125 0.0203125 0.06171875
2 0.62578125 0.203125 0.0203125 0.06640625
2 0.67734375 0.165625 0.01953125 0.04609375
1 0.7390625 0.36640625 0.10390625 0.196875
1 0.66328125 0.24453125 0.065625 0.1171875
1 0.7140625 0.20703125 0.0453125 0.08671875
1 0.72265625 0.17265625 0.0390625 0.06015625
1 0.74921875 0.2359375 0.03125 0.078125
1 0.76953125 0.12265625 0.028125 0.04140625