1 0.721875 0.40625 0.065625 0.07421875
3 0.53828125 0.46640625 0.103125 0.146875
1 0.6609375 0.4234375 0.06875 0.06484375
2 0.7296875 0.59921875 0.05703125 0.14140625
2 0.784375 0.496875 0.02578125 0.0984375
2 0.88671875 0.73984375 0.08046875 0.19453125
2 0.61015625 0.496875 0.03046875 0.10234375
2 0.4140625 0.47578125 0.0203125 0.07578125
1 0.37109375 0.3828125 0.02890625 0.05
1 0.62734375 0.4515625 0.06953125 0.06484375
1 0.77578125 0.3890625 0.05703125 0.0671875
1 0.82109375 0.375 0.0484375 0.05703125