2 0.4140625 0.29609375 0.021875 0.075
2 0.34921875 0.28046875 0.02421875 0.06796875
2 0.37890625 0.3234375 0.03203125 0.06328125
2 0.4078125 0.3578125 0.04296875 0.0671875
2 0.521875 0.3734375 0.0609375 0.090625
2 0.7234375 0.40625 0.053125 0.0921875
2 0.72265625 0.484375 0.06484375 0.1078125
2 0.4796875 0.63203125 0.0984375 0.15703125
2 0.5171875 0.575 0.07265625 0.128125
2 0.31875 0.7390625 0.10703125 0.15
2 0.9515625 0.37890625 0.02890625 0.05546875
1 0.84921875 0.49375 0.121875 0.153125
1 0.9890625 0.48125 0.021875 0.0875
2 0.89921875 0.41640625 0.0296875 0.04609375