1 0.4578125 0.39765625 0.15546875 0.23984375
1 0.61640625 0.26953125 0.09375 0.13515625
1 0.68125 0.20078125 0.05234375 0.078125
2 0.3328125 0.61796875 0.11015625 0.278125
2 0.56171875 0.653125 0.0765625 0.290625
2 0.70546875 0.78984375 0.08984375 0.34765625
2 0.68984375 0.23515625 0.0234375 0.0875
2 0.50546875 0.62265625 0.06171875 0.265625
2 0.5671875 0.50859375 0.0484375 0.184375
2 0.65234375 0.59375 0.07421875 0.190625
2 0.62734375 0.728125 0.09921875 0.325
2 0.61875 0.4203125 0.05859375 0.19453125
2 0.73515625 0.61640625 0.07734375 0.20234375
2 0.77421875 0.5296875 0.03125 0.2078125
2 0.78046875 0.421875 0.034375 0.1265625
1 0.6859375 0.45859375 0.14453125 0.275
1 0.74609375 0.34296875 0.078125 0.16015625
2 0.73125 0.2375 0.02109375 0.09140625
2 0.72421875 0.16015625 0.01484375 0.06171875
2 0.7296875 0.2 0.01875 0.0890625
1 0.7546875 0.14140625 0.028125 0.04921875