2 0.34375 0.5859375 0.05546875 0.14296875
2 0.5859375 0.3578125 0.01484375 0.05703125
2 0.625 0.34296875 0.0125 0.053125
2 0.64140625 0.3203125 0.01015625 0.040625
2 0.659375 0.33515625 0.0140625 0.053125
2 0.68828125 0.3265625 0.01015625 0.0484375
2 0.69375 0.315625 0.009375 0.03515625
1 0.71484375 0.32421875 0.0375 0.059375
1 0.74296875 0.33671875 0.046875 0.0671875
1 0.77265625 0.37421875 0.0390625 0.0875
1 0.77109375 0.3140625 0.021875 0.0421875
2 0.7375 0.2859375 0.0078125 0.0328125
0 0.70390625 0.27421875 0.04140625 0.065625
1 0.77890625 0.2796875 0.0171875 0.02734375