2 0.21953125 0.5703125 0.08984375 0.1515625
2 0.34921875 0.48359375 0.0421875 0.140625
2 0.37109375 0.3890625 0.0265625 0.09921875
2 0.390625 0.36015625 0.01796875 0.06640625
2 0.3484375 0.30625 0.01640625 0.0671875
2 0.3703125 0.33125 0.01875 0.0671875
2 0.43359375 0.34375 0.02734375 0.08046875
2 0.409375 0.31640625 0.0203125 0.071875
2 0.3921875 0.28671875 0.02265625 0.0734375
2 0.3765625 0.28046875 0.015625 0.06796875
2 0.96796875 0.41015625 0.015625 0.06171875
1 0.48203125 0.39140625 0.103125 0.1421875
1 0.3546875 0.25703125 0.040625 0.07265625
1 0.31484375 0.24765625 0.03359375 0.05
1 0.303125 0.22578125 0.0296875 0.04609375