2 0.28671875 0.3953125 0.01640625 0.05625
2 0.2703125 0.39375 0.01171875 0.04765625
2 0.259375 0.39765625 0.0171875 0.04765625
2 0.23515625 0.4015625 0.01640625 0.05078125
2 0.228125 0.3953125 0.01171875 0.04453125
2 0.26484375 0.3796875 0.01015625 0.040625
2 0.25234375 0.3765625 0.01015625 0.034375
1 0.23671875 0.38515625 0.0296875 0.0453125
1 0.215625 0.375 0.0234375 0.03984375
1 0.47265625 0.5421875 0.1796875 0.1609375
1 0.49921875 0.6765625 0.21328125 0.21796875
2 0.840625 0.484375 0.02890625 0.06953125