2 0.9 0.3984375 0.0359375 0.0734375
2 0.8671875 0.3765625 0.0359375 0.0625
2 0.828125 0.428125 0.04453125 0.08828125
2 0.79296875 0.40078125 0.04140625 0.078125
2 0.3953125 0.29296875 0.01796875 0.06171875
2 0.36796875 0.30078125 0.01875 0.05859375
2 0.346875 0.29609375 0.021875 0.06796875
2 0.3328125 0.2734375 0.0140625 0.0625
2 0.22421875 0.525 0.078125 0.140625
2 0.47578125 0.446875 0.08984375 0.075
1 0.440625 0.53203125 0.2109375 0.15078125
1 0.36484375 0.25859375 0.0515625 0.04765625
2 0.20546875 0.69140625 0.06796875 0.1125