1 0.91015625 0.72109375 0.1796875 0.2828125
1 0.7953125 0.39453125 0.0484375 0.053125
1 0.40078125 0.45234375 0.046875 0.0859375
1 0.37578125 0.36953125 0.02890625 0.0421875
1 0.40859375 0.37265625 0.03203125 0.05234375
1 0.42578125 0.35703125 0.028125 0.05078125
1 0.04765625 0.6375 0.0953125 0.125
2 0.17265625 0.5671875 0.0515625 0.10859375
2 0.11796875 0.68515625 0.07421875 0.15625
2 0.053125 0.65546875 0.08515625 0.14375
2 0.27734375 0.8765625 0.10078125 0.20078125
2 0.5171875 0.9421875 0.121875 0.115625
2 0.4109375 0.525 0.04765625 0.0859375
2 0.6453125 0.403125 0.03671875 0.0609375
2 0.74453125 0.3984375 0.0203125 0.05859375
1 0.8453125 0.39921875 0.03046875 0.06015625