1 0.64296875 0.7625 0.221875 0.32578125
2 0.43046875 0.5875 0.0484375 0.15
2 0.38125 0.48046875 0.03046875 0.084375
2 0.38515625 0.40703125 0.04453125 0.08046875
2 0.30078125 0.28359375 0.0265625 0.04921875
2 0.3453125 0.29296875 0.01875 0.06171875
2 0.3671875 0.29453125 0.0296875 0.07109375
2 0.39140625 0.2890625 0.0234375 0.06484375
2 0.9328125 0.42421875 0.0328125 0.08046875
2 0.88828125 0.46484375 0.0328125 0.10390625
2 0.85859375 0.57734375 0.04453125 0.1390625
2 0.9078125 0.7921875 0.08125 0.18359375
2 0.94140625 0.93515625 0.0984375 0.1296875