1 0.59453125 0.28125 0.08203125 0.13203125
1 0.51015625 0.35078125 0.11875 0.18671875
1 0.72578125 0.32578125 0.0765625 0.14921875
1 0.64609375 0.2359375 0.0703125 0.1
1 0.64375 0.47890625 0.17109375 0.33125
2 0.48984375 0.6265625 0.06484375 0.30625
2 0.7515625 0.6390625 0.06171875 0.2703125
2 0.4203125 0.5765625 0.071875 0.23359375
2 0.79609375 0.4484375 0.0515625 0.15859375
2 0.7390625 0.50546875 0.05390625 0.16640625
2 0.30625 0.50859375 0.0625 0.20703125
2 0.35859375 0.5234375 0.08046875 0.22734375
2 0.6765625 0.73671875 0.1 0.33203125
2 0.575 0.35859375 0.046875 0.1625
2 0.26640625 0.47421875 0.071875 0.18125
2 0.37109375 0.43671875 0.07578125 0.16015625
2 0.434375 0.44140625 0.0609375 0.16796875
2 0.46640625 0.465625 0.05625 0.19453125