1 0.5828125 0.30390625 0.09453125 0.1484375
1 0.65703125 0.240625 0.065625 0.10390625
1 0.4609375 0.39921875 0.17265625 0.24453125
1 0.73125 0.1625 0.04375 0.06953125
2 0.6046875 0.6765625 0.0671875 0.28984375
2 0.42265625 0.53046875 0.07734375 0.22734375
2 0.6640625 0.53515625 0.0578125 0.23359375
2 0.27578125 0.4796875 0.08046875 0.2109375
2 0.675 0.39296875 0.04140625 0.14453125
2 0.74609375 0.19765625 0.02109375 0.10078125
2 0.340625 0.41953125 0.06328125 0.16171875
2 0.38828125 0.36875 0.0453125 0.13046875
2 0.7640625 0.17265625 0.01015625 0.06171875