2 0.89140625 0.9515625 0.0671875 0.096875
2 0.4578125 0.88828125 0.0375 0.1546875
2 0.51015625 0.94296875 0.05390625 0.1125
2 0.51484375 0.83046875 0.04140625 0.12421875
2 0.734375 0.75703125 0.046875 0.115625
2 0.6421875 0.6234375 0.03359375 0.09140625
2 0.515625 0.53984375 0.02265625 0.07421875
2 0.51328125 0.4875 0.015625 0.04609375
2 0.51171875 0.45078125 0.01796875 0.0484375
3 0.67734375 0.91484375 0.14140625 0.16953125
1 0.57265625 0.74609375 0.09140625 0.17109375
2 0.51171875 0.72421875 0.03359375 0.1015625
1 0.45 0.7203125 0.0734375 0.15234375
1 0.39140625 0.4734375 0.0421875 0.08828125
1 0.359375 0.30859375 0.01875 0.03125
1 0.40703125 0.33671875 0.02734375 0.04140625
1 0.3953125 0.31328125 0.01953125 0.03125
2 0.36953125 0.34765625 0.01015625 0.03125