2 0.271875 0.54140625 0.1078125 0.221875
2 0.5484375 0.3984375 0.04609375 0.16015625
2 0.59609375 0.66796875 0.0640625 0.28671875
2 0.6984375 0.628125 0.07890625 0.30234375
2 0.76484375 0.5453125 0.05546875 0.2203125
2 0.6546875 0.553125 0.0546875 0.2515625
2 0.5484375 0.58203125 0.0640625 0.253125
2 0.61171875 0.478125 0.0484375 0.18203125
2 0.67734375 0.34140625 0.0359375 0.1421875
1 0.3640625 0.6015625 0.2625 0.42265625
1 0.5640625 0.29609375 0.10703125 0.1546875
1 0.6625 0.24140625 0.071875 0.103125
1 0.7015625 0.19140625 0.04921875 0.09296875
2 0.75 0.30546875 0.03671875 0.1203125
2 0.728125 0.24140625 0.0234375 0.103125