1 0.73515625 0.26328125 0.05546875 0.11875
2 0.503125 0.615625 0.0625 0.26953125
2 0.67109375 0.68671875 0.06484375 0.315625
2 0.6046875 0.628125 0.06953125 0.26171875
2 0.7453125 0.63671875 0.0609375 0.2671875
2 0.57109375 0.340625 0.03984375 0.140625
2 0.72734375 0.1765625 0.015625 0.06875
2 0.6828125 0.20859375 0.021875 0.0921875
2 0.78046875 0.425 0.0375 0.15
2 0.75625 0.3859375 0.0359375 0.12578125
2 0.58671875 0.2828125 0.025 0.10703125
2 0.5984375 0.54296875 0.0609375 0.23125
2 0.615625 0.45703125 0.040625 0.16484375
2 0.690625 0.55234375 0.046875 0.2125
2 0.6671875 0.50078125 0.0421875 0.2125
2 0.7390625 0.49765625 0.04375 0.1890625
2 0.6609375 0.42421875 0.03828125 0.1734375
2 0.65546875 0.384375 0.034375 0.1515625
2 0.7 0.3421875 0.0375 0.1421875
2 0.72421875 0.35703125 0.0265625 0.11953125
2 0.7125 0.425 0.040625 0.14609375