2 0.7484375 0.90703125 0.05859375 0.16015625
2 0.64296875 0.8046875 0.03671875 0.13984375
2 0.33984375 0.315625 0.0109375 0.03046875
2 0.34296875 0.27421875 0.00625 0.01875
2 0.34375 0.28828125 0.00703125 0.01640625
2 0.3328125 0.25625 0.00625 0.02109375
2 0.34140625 0.253125 0.00546875 0.01796875
2 0.31328125 0.2328125 0.00546875 0.01640625
2 0.325 0.22578125 0.00390625 0.01484375
2 0.31796875 0.21328125 0.00390625 0.01171875
3 0.48984375 0.48359375 0.059375 0.0703125
3 0.4984375 0.4421875 0.04453125 0.065625
3 0.4625 0.3859375 0.03046875 0.06015625
3 0.44609375 0.36328125 0.02578125 0.05625
1 0.4109375 0.3421875 0.0265625 0.0421875