1 0.340625 0.62734375 0.2296875 0.209375
1 0.2859375 0.5328125 0.1515625 0.153125
1 0.36328125 0.28125 0.05234375 0.06484375
1 0.353125 0.23125 0.03515625 0.0453125
2 0.9046875 0.39609375 0.028125 0.04609375
2 0.83125 0.40078125 0.0390625 0.05625
2 0.36796875 0.3859375 0.02578125 0.0828125
2 0.3390625 0.34609375 0.0171875 0.06328125
2 0.3 0.3140625 0.021875 0.04765625
2 0.29453125 0.2703125 0.0140625 0.03984375
2 0.96640625 0.3796875 0.0265625 0.0421875
2 0.33046875 0.27421875 0.01328125 0.04765625
2 0.32109375 0.26796875 0.01171875 0.04765625
2 0.31328125 0.253125 0.0140625 0.03359375