1 0.5921875 0.9265625 0.10859375 0.14609375
1 0.69453125 0.9265625 0.1265625 0.14609375
1 0.7921875 0.90703125 0.1484375 0.1859375
1 0.596875 0.7375 0.08984375 0.14609375
1 0.50625 0.5609375 0.05625 0.08984375
1 0.42578125 0.5140625 0.03984375 0.08359375
1 0.41171875 0.34296875 0.025 0.04296875
1 0.334375 0.29453125 0.0171875 0.02890625
2 0.59765625 0.84375 0.03359375 0.121875
2 0.43046875 0.7796875 0.028125 0.128125
2 0.48125 0.51015625 0.0265625 0.04921875
2 0.50546875 0.49921875 0.01875 0.05703125
2 0.44765625 0.4328125 0.0140625 0.05234375
2 0.4015625 0.39296875 0.01171875 0.04140625
3 0.49765625 0.44609375 0.0453125 0.0765625
3 0.46171875 0.38671875 0.03203125 0.06171875
3 0.4453125 0.359375 0.02734375 0.053125
2 0.33671875 0.246875 0.00625 0.01875
2 0.3203125 0.2453125 0.00625 0.0171875
2 0.33125 0.24375 0.00546875 0.01640625