1 0.33203125 0.5 0.23671875 0.31875
1 0.559375 0.43046875 0.16953125 0.26328125
2 0.6 0.6765625 0.0703125 0.27890625
2 0.68515625 0.62578125 0.07734375 0.26015625
2 0.53203125 0.60859375 0.071875 0.28515625
2 0.7546875 0.471875 0.0453125 0.1796875
2 0.703125 0.4890625 0.04609375 0.1234375
2 0.73828125 0.72109375 0.06484375 0.3234375
2 0.6828125 0.378125 0.0359375 0.1546875
2 0.43828125 0.35625 0.046875 0.128125
2 0.496875 0.34140625 0.0359375 0.1390625
2 0.515625 0.2984375 0.03046875 0.1078125
2 0.66875 0.31484375 0.02265625 0.11875
2 0.57890625 0.25390625 0.03046875 0.1109375
2 0.67265625 0.2484375 0.02578125 0.09609375
2 0.75625 0.19375 0.01953125 0.065625
2 0.74765625 0.18515625 0.01484375 0.0640625
2 0.73828125 0.19453125 0.01328125 0.059375
2 0.72734375 0.18828125 0.01796875 0.0609375
3 0.11171875 0.709375 0.2234375 0.58125
1 0.61953125 0.26015625 0.08046875 0.11640625
1 0.70703125 0.259375 0.065625 0.11953125
1 0.67890625 0.1921875 0.06015625 0.084375
1 0.721875 0.16796875 0.034375 0.06171875
3 0.7546875 0.33671875 0.0890625 0.20390625