2 0.4421875 0.57734375 0.0703125 0.23125
2 0.3296875 0.53671875 0.0984375 0.23125
2 0.29765625 0.45625 0.06796875 0.17421875
2 0.37578125 0.38984375 0.05625 0.13125
2 0.43046875 0.32890625 0.03359375 0.1171875
2 0.47265625 0.3125 0.03359375 0.1
2 0.5109375 0.28515625 0.02578125 0.1109375
2 0.5203125 0.47578125 0.04609375 0.17734375
2 0.70625 0.56875 0.078125 0.2546875
2 0.7015625 0.77421875 0.08515625 0.32890625
2 0.76484375 0.440625 0.04453125 0.17109375
1 0.72109375 0.375 0.1046875 0.20390625
1 0.5921875 0.5515625 0.1828125 0.30078125
1 0.471875 0.4234375 0.15703125 0.18671875
1 0.5765625 0.2875 0.09375 0.14375
1 0.653125 0.31484375 0.09453125 0.15703125