1 0.38671875 0.34140625 0.03828125 0.06640625
2 0.3625 0.6671875 0.03359375 0.11484375
2 0.35078125 0.784375 0.03515625 0.11796875
2 0.36484375 0.87265625 0.04296875 0.14609375
2 0.39140625 0.9296875 0.0453125 0.140625
2 0.428125 0.9515625 0.034375 0.096875
2 0.41875 0.8609375 0.040625 0.12890625
2 0.3921875 0.778125 0.03125 0.115625
2 0.6078125 0.93984375 0.0421875 0.1203125
2 0.6328125 0.73125 0.0390625 0.121875
2 0.9515625 0.96640625 0.06875 0.0671875
2 0.81796875 0.9546875 0.0515625 0.090625
2 0.8453125 0.9296875 0.07109375 0.13984375
2 0.7515625 0.9359375 0.0640625 0.128125
2 0.734375 0.84609375 0.04765625 0.1109375
2 0.76953125 0.83515625 0.05546875 0.1625
1 0.50625 0.95859375 0.090625 0.0828125
1 0.471875 0.75625 0.1 0.22578125
1 0.35234375 0.24765625 0.02734375 0.04921875
2 0.47109375 0.3796875 0.01484375 0.059375
2 0.3265625 0.39921875 0.015625 0.06796875
2 0.33046875 0.3734375 0.01484375 0.05078125
2 0.36875 0.2953125 0.0109375 0.03671875
2 0.35546875 0.2828125 0.0109375 0.04140625
2 0.321875 0.2828125 0.01015625 0.04140625
2 0.32578125 0.25859375 0.01015625 0.0375
1 0.2921875 0.2046875 0.01796875 0.0296875