1 0.08203125 0.80859375 0.1640625 0.3828125
1 0.50859375 0.3703125 0.1265625 0.18828125
2 0.6875 0.2453125 0.02421875 0.08984375
2 0.58515625 0.65078125 0.0625 0.29765625
2 0.69375 0.62421875 0.05546875 0.2703125
2 0.55234375 0.5640625 0.07578125 0.2515625
2 0.615625 0.46328125 0.040625 0.15703125
2 0.5609375 0.40625 0.065625 0.1546875
2 0.7015625 0.41171875 0.05546875 0.16015625
2 0.7171875 0.48203125 0.04453125 0.15859375
2 0.7625 0.5625 0.05 0.2546875
2 0.646875 0.5375 0.05625 0.21796875
2 0.7453125 0.16796875 0.02109375 0.08359375