1 0.40078125 0.4609375 0.19375 0.26953125
1 0.56953125 0.29921875 0.10625 0.1546875
1 0.64921875 0.25703125 0.0625 0.1109375
1 0.65 0.4734375 0.1609375 0.2734375
1 0.6890625 0.2203125 0.0546875 0.0984375
2 0.6828125 0.7203125 0.07109375 0.29453125
2 0.60625 0.68359375 0.06875 0.30390625
2 0.3765625 0.58359375 0.08828125 0.24921875
2 0.52109375 0.59921875 0.0703125 0.2484375
2 0.46640625 0.496875 0.06015625 0.21953125
2 0.72578125 0.56875 0.05078125 0.2328125
2 0.671875 0.30546875 0.028125 0.10859375
2 0.34375 0.4015625 0.046875 0.1265625
2 0.48984375 0.3453125 0.0375 0.1234375
2 0.4796875 0.29453125 0.0359375 0.07578125
2 0.51328125 0.2921875 0.0328125 0.12421875
2 0.521875 0.5046875 0.065625 0.1875
2 0.52421875 0.4140625 0.04453125 0.16796875
2 0.58515625 0.37890625 0.03828125 0.1546875
2 0.75390625 0.4671875 0.0421875 0.165625
3 0.7265625 0.31953125 0.09140625 0.19609375
1 0.74375 0.159375 0.03671875 0.071875