2 0.26015625 0.534375 0.03359375 0.1203125
2 0.48515625 0.7453125 0.08984375 0.18828125
2 0.74140625 0.725 0.0640625 0.18046875
2 0.821875 0.91875 0.13515625 0.1625
2 0.7953125 0.678125 0.05859375 0.15234375
2 0.76171875 0.5390625 0.0296875 0.08671875
2 0.82265625 0.50703125 0.02109375 0.08046875
2 0.2734375 0.38515625 0.0125 0.04453125
1 0.240625 0.38984375 0.03671875 0.06640625
1 0.19296875 0.3546875 0.0203125 0.03984375
1 0.16328125 0.32265625 0.01328125 0.0234375
0 0.2203125 0.359375 0.04609375 0.0875
0 0.215625 0.32734375 0.03671875 0.040625