1 0.5921875 0.559375 0.17421875 0.34140625
1 0.6515625 0.31953125 0.0984375 0.1515625
1 0.7640625 0.309375 0.06796875 0.146875
1 0.74921875 0.15625 0.0453125 0.08984375
1 0.4671875 0.4203125 0.159375 0.21171875
2 0.32578125 0.5265625 0.0875 0.21640625
2 0.296875 0.4734375 0.0609375 0.21015625
2 0.37421875 0.396875 0.05703125 0.1453125
2 0.490625 0.5359375 0.06171875 0.2421875
2 0.6859375 0.81015625 0.09296875 0.3796875
2 0.7078125 0.565625 0.06875 0.20859375
2 0.58984375 0.3453125 0.0390625 0.15703125