1 0.44296875 0.43671875 0.15703125 0.23671875
2 0.521875 0.64609375 0.07265625 0.2859375
2 0.4078125 0.60859375 0.08359375 0.2515625
2 0.49453125 0.484375 0.06640625 0.20234375
2 0.71796875 0.590625 0.059375 0.24296875
2 0.76953125 0.5734375 0.03828125 0.21640625
2 0.64921875 0.6890625 0.09140625 0.296875
2 0.5625 0.5109375 0.06328125 0.1796875
2 0.3015625 0.465625 0.08515625 0.209375
2 0.5703125 0.42421875 0.0484375 0.121875
2 0.36640625 0.559375 0.08046875 0.22734375
2 0.3515625 0.40078125 0.0609375 0.1578125
2 0.3984375 0.378125 0.03984375 0.109375
2 0.646875 0.56328125 0.06328125 0.265625
2 0.66015625 0.46484375 0.053125 0.15390625
2 0.728125 0.4734375 0.04296875 0.146875
2 0.475 0.29453125 0.03828125 0.0625
2 0.52890625 0.30234375 0.034375 0.11328125
2 0.5609375 0.24921875 0.02890625 0.08046875
1 0.58046875 0.31796875 0.115625 0.1765625
1 0.67421875 0.20390625 0.06328125 0.0703125
1 0.72734375 0.178125 0.04921875 0.08359375
3 0.66171875 0.34375 0.140625 0.240625