1 0.159375 0.7625 0.31875 0.475
1 0.45703125 0.39609375 0.1515625 0.21484375
1 0.59296875 0.5546875 0.1703125 0.30078125
1 0.62265625 0.34296875 0.10234375 0.1359375
1 0.71640625 0.38984375 0.1125 0.21171875
2 0.69296875 0.78203125 0.078125 0.3671875
2 0.4578125 0.65234375 0.05546875 0.2734375
2 0.27890625 0.45625 0.0765625 0.19296875
2 0.71640625 0.56796875 0.065625 0.225
2 0.7859375 0.5515625 0.0625 0.2421875
2 0.59609375 0.26171875 0.02421875 0.103125
2 0.67890625 0.25546875 0.02265625 0.07890625
1 0.675 0.2109375 0.075 0.103125
1 0.74453125 0.1625 0.0453125 0.08828125