2 0.41015625 0.9671875 0.0359375 0.065625
2 0.5484375 0.946875 0.03828125 0.10625
2 0.6046875 0.96796875 0.040625 0.0640625
2 0.53515625 0.871875 0.034375 0.103125
2 0.38984375 0.82890625 0.03671875 0.1234375
2 0.37265625 0.72578125 0.0265625 0.09765625
2 0.90625 0.95390625 0.06484375 0.09140625
2 0.8203125 0.90546875 0.04609375 0.1359375
2 0.76953125 0.8375 0.040625 0.134375
2 0.70859375 0.734375 0.034375 0.09453125
2 0.56015625 0.68515625 0.03046875 0.09609375
2 0.58515625 0.559375 0.025 0.0734375
2 0.51875 0.4859375 0.02109375 0.06328125
2 0.47109375 0.43046875 0.01484375 0.0515625
2 0.45078125 0.40234375 0.01171875 0.03984375
2 0.359375 0.43515625 0.02109375 0.05859375
2 0.3578125 0.28984375 0.00703125 0.0203125
2 0.34140625 0.28359375 0.00703125 0.0234375
3 0.81328125 0.95859375 0.13359375 0.0828125
1 0.71484375 0.84375 0.12421875 0.2046875
1 0.60234375 0.84765625 0.109375 0.203125
1 0.46484375 0.88046875 0.09765625 0.23828125
1 0.428125 0.74296875 0.06484375 0.15390625
1 0.51640625 0.709375 0.08359375 0.16171875
1 0.41484375 0.63984375 0.05390625 0.1078125
1 0.4796875 0.61328125 0.0609375 0.12109375
1 0.62421875 0.6984375 0.07109375 0.12421875
3 0.5828125 0.6375 0.071875 0.10234375
1 0.54296875 0.5671875 0.0546875 0.08671875
1 0.50078125 0.51484375 0.046875 0.07734375
1 0.38515625 0.509375 0.03671875 0.0734375
1 0.43515625 0.44296875 0.040625 0.0640625
3 0.4453125 0.53515625 0.05546875 0.12421875
1 0.421875 0.39375 0.0328125 0.05390625
1 0.39765625 0.35625 0.02734375 0.046875
3 0.4625 0.38125 0.03125 0.059375