1 0.503125 0.9078125 0.096875 0.184375
1 0.42265625 0.71328125 0.07265625 0.17890625
1 0.4734375 0.65546875 0.06328125 0.125
1 0.51953125 0.58359375 0.059375 0.1203125
1 0.56640625 0.67890625 0.07890625 0.14140625
1 0.63515625 0.85546875 0.11328125 0.19921875
1 0.80625 0.91953125 0.1453125 0.1609375
1 0.6359375 0.67109375 0.08671875 0.13125
1 0.478125 0.4578125 0.053125 0.06953125
2 0.89765625 0.95390625 0.0609375 0.0921875
2 0.8484375 0.8953125 0.05625 0.11796875
2 0.78984375 0.82421875 0.03671875 0.065625
2 0.61484375 0.95234375 0.040625 0.0953125
2 0.57890625 0.91796875 0.0375 0.1484375
2 0.57265625 0.83515625 0.02890625 0.1078125
2 0.5515625 0.77421875 0.02890625 0.11015625
2 0.5296875 0.7125 0.02734375 0.103125
2 0.62734375 0.740625 0.03359375 0.09140625
2 0.70390625 0.8203125 0.0734375 0.15234375
2 0.753125 0.7890625 0.03984375 0.11484375
2 0.73359375 0.7375 0.025 0.06796875
2 0.703125 0.7046875 0.03125 0.0921875
2 0.66953125 0.653125 0.02734375 0.09140625
2 0.6453125 0.6140625 0.02265625 0.07578125
2 0.48203125 0.5953125 0.01875 0.06953125
2 0.43125 0.48984375 0.01640625 0.0609375
2 0.375 0.41484375 0.0140625 0.05
2 0.35390625 0.40703125 0.01171875 0.04765625
2 0.3671875 0.37890625 0.009375 0.0375
2 0.38203125 0.36953125 0.0109375 0.04140625
3 0.475 0.39765625 0.034375 0.05703125
3 0.453125 0.3703125 0.0296875 0.0640625
3 0.3984375 0.35625 0.02734375 0.04453125
2 0.365625 0.33203125 0.00859375 0.03203125
2 0.33203125 0.309375 0.00859375 0.03359375
2 0.36953125 0.30078125 0.009375 0.02421875
2 0.36875 0.32109375 0.009375 0.028125
2 0.36171875 0.28828125 0.0046875 0.0234375
1 0.3859375 0.29765625 0.0171875 0.02734375