1 0.49453125 0.37109375 0.13515625 0.190625
1 0.1625 0.66640625 0.32265625 0.48515625
1 0.653125 0.23203125 0.078125 0.12421875
1 0.74921875 0.3265625 0.09453125 0.18515625
2 0.6046875 0.40546875 0.04609375 0.18671875
2 0.11875 0.865625 0.15234375 0.2625
2 0.7234375 0.50859375 0.04609375 0.21328125
2 0.3625 0.640625 0.10859375 0.28828125
2 0.69453125 0.27265625 0.02890625 0.109375
2 0.74609375 0.590625 0.0578125 0.24453125
2 0.6515625 0.82109375 0.07578125 0.35390625
2 0.7359375 0.20390625 0.01796875 0.07109375
2 0.7515625 0.1828125 0.0140625 0.0734375
1 0.72421875 0.16171875 0.0421875 0.06875