1 0.609375 0.88828125 0.125 0.2234375
1 0.43125 0.58046875 0.05078125 0.1171875
1 0.3625 0.42265625 0.0328125 0.059375
1 0.40859375 0.39375 0.03046875 0.05390625
1 0.41953125 0.35390625 0.0265625 0.04609375
1 0.3859375 0.29765625 0.0171875 0.0296875
2 0.68515625 0.921875 0.0375 0.15625
2 0.7828125 0.94375 0.05078125 0.11171875
2 0.83671875 0.9484375 0.0515625 0.103125
2 0.89375 0.9546875 0.05390625 0.090625
3 0.475 0.4 0.03359375 0.06484375
3 0.45234375 0.36953125 0.02890625 0.0671875
2 0.37109375 0.29921875 0.009375 0.02578125