2 0.346875 0.27890625 0.0203125 0.0609375
2 0.47421875 0.3703125 0.05703125 0.08125
2 0.59375 0.38125 0.0578125 0.071875
2 0.68046875 0.40390625 0.059375 0.06171875
2 0.8171875 0.44765625 0.04375 0.0921875
2 0.8265625 0.56171875 0.06796875 0.121875
2 0.734375 0.5546875 0.08828125 0.13203125
2 0.5609375 0.71171875 0.12109375 0.1609375
2 0.41875 0.71484375 0.12734375 0.16328125
2 0.91328125 0.390625 0.034375 0.0734375
2 0.95078125 0.42578125 0.03203125 0.07734375
2 0.98203125 0.5078125 0.02890625 0.0953125
1 0.54140625 0.56953125 0.215625 0.24921875
1 0.90703125 0.4796875 0.1015625 0.12578125
2 0.29375 0.25859375 0.01796875 0.04765625