2 0.7171875 0.746875 0.08046875 0.35546875
2 0.3328125 0.475 0.0828125 0.20078125
2 0.4140625 0.540625 0.08046875 0.2328125
2 0.6109375 0.7203125 0.0703125 0.28828125
2 0.5109375 0.56484375 0.06953125 0.240625
2 0.5609375 0.65 0.07265625 0.26796875
2 0.3953125 0.39609375 0.0546875 0.16171875
2 0.48828125 0.4484375 0.05390625 0.1890625
3 0.7203125 0.27890625 0.1390625 0.31484375
2 0.32421875 0.4359375 0.06484375 0.1671875
2 0.42109375 0.446875 0.059375 0.171875
2 0.45625 0.3578125 0.0375 0.14296875
2 0.475 0.39453125 0.053125 0.1671875