2 0.93125 0.59765625 0.03671875 0.146875
2 0.9453125 0.9125 0.10859375 0.175
2 0.32578125 0.26796875 0.0203125 0.040625
2 0.30546875 0.24765625 0.0109375 0.03359375
2 0.296875 0.2421875 0.0109375 0.03046875
2 0.28828125 0.23515625 0.0078125 0.0265625
2 0.3078125 0.22421875 0.01171875 0.0296875
2 0.296875 0.21484375 0.0109375 0.0265625
1 0.2984375 0.278125 0.0359375 0.046875
1 0.34921875 0.2265625 0.0375 0.04765625
1 0.3625 0.2859375 0.05625 0.06796875
1 0.8875 0.42109375 0.0671875 0.103125
1 0.8375 0.6171875 0.1234375 0.22890625