1 0.7359375 0.40078125 0.06640625 0.0640625
1 0.48125 0.48125 0.103125 0.08984375
2 0.1953125 0.59296875 0.06484375 0.10625
2 0.2703125 0.55 0.04375 0.09921875
2 0.3109375 0.5203125 0.046875 0.08515625
2 0.39453125 0.5203125 0.0453125 0.09609375
2 0.56875 0.46328125 0.02734375 0.07421875
2 0.65546875 0.421875 0.02578125 0.065625
2 0.52890625 0.4359375 0.03046875 0.06171875
2 0.81953125 0.375 0.01796875 0.05859375
2 0.40859375 0.37578125 0.00859375 0.04296875
2 0.4203125 0.3734375 0.0109375 0.0421875
2 0.39140625 0.34453125 0.03203125 0.07734375