2 0.59765625 0.9125 0.040625 0.1484375
2 0.79296875 0.878125 0.04765625 0.1359375
2 0.85859375 0.95078125 0.0515625 0.0984375
2 0.41875 0.5984375 0.01953125 0.08671875
2 0.35390625 0.28515625 0.00625 0.02265625
2 0.353125 0.26875 0.00625 0.021875
1 0.7375 0.8828125 0.15 0.234375
3 0.578125 0.73984375 0.078125 0.13125
3 0.46328125 0.38359375 0.03125 0.06171875
1 0.4125 0.34296875 0.021875 0.03828125
1 0.4046875 0.33125 0.01875 0.0359375
1 0.3296875 0.2421875 0.01015625 0.01875
1 0.32421875 0.23046875 0.01015625 0.01875