1 0.6328125 0.32265625 0.06875 0.065625
1 0.33359375 0.33515625 0.05546875 0.0734375
1 0.02578125 0.64453125 0.0515625 0.1609375
2 0.2328125 0.88046875 0.1890625 0.23515625
2 0.73671875 0.76171875 0.11171875 0.18984375
2 0.80390625 0.87109375 0.1015625 0.19296875
2 0.259375 0.746875 0.15 0.21328125
2 0.31875 0.56875 0.07734375 0.11875
2 0.29375 0.50703125 0.0640625 0.1
2 0.21328125 0.565625 0.07578125 0.1375
2 0.11171875 0.5875 0.07578125 0.15625
2 0.45625 0.52734375 0.07578125 0.121875
2 0.546875 0.503125 0.05 0.09296875
2 0.61875 0.559375 0.08359375 0.15625
2 0.8 0.534375 0.05546875 0.11875
2 0.84765625 0.4921875 0.0390625 0.1046875
2 0.98125 0.48125 0.0375 0.090625
2 0.69609375 0.48515625 0.05625 0.096875