1 0.5859375 0.59609375 0.090625 0.15078125
1 0.54296875 0.42890625 0.07109375 0.08671875
1 0.60546875 0.4625 0.0609375 0.0921875
3 0.096875 0.79140625 0.1453125 0.17421875
2 0.1234375 0.696875 0.05078125 0.06015625
2 0.24921875 0.61484375 0.0421875 0.084375
2 0.365625 0.53828125 0.03359375 0.078125
2 0.38671875 0.49453125 0.02890625 0.0640625
2 0.42578125 0.50078125 0.03046875 0.06953125
2 0.459375 0.46015625 0.02734375 0.06640625
2 0.57734375 0.51796875 0.0265625 0.06953125
2 0.609375 0.49453125 0.02578125 0.06796875
2 0.6625 0.50390625 0.0203125 0.07734375
2 0.69296875 0.44375 0.0171875 0.07265625
2 0.57109375 0.46171875 0.0203125 0.0609375
2 0.66484375 0.41640625 0.01640625 0.05234375
2 0.7 0.39296875 0.01953125 0.05234375
2 0.6078125 0.33203125 0.0171875 0.04921875