1 0.34453125 0.77578125 0.15234375 0.2296875
1 0.5890625 0.48828125 0.07578125 0.11640625
1 0.571875 0.39296875 0.06328125 0.07890625
1 0.675 0.38828125 0.05703125 0.07890625
2 0.0859375 0.834375 0.07421875 0.13125
2 0.08515625 0.75 0.06171875 0.10390625
2 0.30234375 0.66015625 0.05 0.1
2 0.23125 0.6015625 0.053125 0.0796875
2 0.32421875 0.5625 0.05 0.0828125
2 0.3828125 0.6328125 0.0453125 0.08125
2 0.48984375 0.68828125 0.03828125 0.1265625
2 0.62578125 0.78515625 0.0390625 0.13984375
2 0.525 0.615625 0.0296875 0.1
2 0.48515625 0.4578125 0.02734375 0.06875