1 0.24921875 0.8890625 0.16015625 0.21328125
2 0.1625 0.73515625 0.04765625 0.1078125
2 0.1515625 0.60546875 0.04921875 0.08671875
2 0.2921875 0.584375 0.05234375 0.084375
2 0.4484375 0.48125 0.0359375 0.0703125
2 0.55625 0.38515625 0.01953125 0.053125
2 0.62421875 0.47890625 0.0203125 0.06953125
2 0.68984375 0.41328125 0.015625 0.0609375
2 0.70703125 0.4046875 0.0140625 0.0484375
1 0.60390625 0.4515625 0.065625 0.1078125
1 0.61484375 0.36015625 0.04375 0.06015625
1 0.70546875 0.3515625 0.02734375 0.0578125
3 0.659375 0.3625 0.06640625 0.10859375