2 0.28203125 0.65234375 0.04765625 0.09375
2 0.30703125 0.5609375 0.04921875 0.08671875
2 0.3859375 0.53046875 0.03125 0.07734375
2 0.55 0.50625 0.0484375 0.075
2 0.6203125 0.4734375 0.0265625 0.06640625
2 0.66640625 0.46484375 0.0125 0.05859375
2 0.7125 0.41328125 0.01953125 0.05390625
2 0.6953125 0.4015625 0.01640625 0.06015625
2 0.68828125 0.43046875 0.01484375 0.0546875
3 0.6078125 0.440625 0.05546875 0.090625
3 0.62890625 0.3390625 0.0546875 0.0796875
2 0.596875 0.346875 0.01796875 0.053125
1 0.55703125 0.41328125 0.06484375 0.071875