2 0.0875 0.69765625 0.05625 0.0984375
2 0.2453125 0.95625 0.05859375 0.08671875
2 0.43125 0.85625 0.05078125 0.140625
2 0.4671875 0.73203125 0.04140625 0.1296875
2 0.55625 0.65390625 0.0328125 0.10546875
2 0.45234375 0.5734375 0.040625 0.0890625
2 0.53984375 0.5296875 0.03125 0.07265625
2 0.54765625 0.59453125 0.02890625 0.08828125
2 0.58984375 0.596875 0.0265625 0.09453125
2 0.60390625 0.5375 0.02421875 0.071875
1 0.353125 0.74765625 0.14453125 0.24609375
1 0.63046875 0.4296875 0.065625 0.09375
2 0.66171875 0.31171875 0.01796875 0.046875