1 0.57734375 0.75234375 0.07421875 0.18359375
2 0.4015625 0.6640625 0.0234375 0.10234375
2 0.36171875 0.63828125 0.025 0.10234375
2 0.60390625 0.640625 0.02578125 0.10078125
2 0.58515625 0.59765625 0.025 0.09609375
2 0.62265625 0.5546875 0.02265625 0.08359375
2 0.66171875 0.52890625 0.01875 0.08203125
2 0.68828125 0.47265625 0.01796875 0.06953125
2 0.54609375 0.4140625 0.02265625 0.07421875
2 0.60078125 0.36875 0.01796875 0.0515625
1 0.6078125 0.4484375 0.05703125 0.09140625
1 0.67421875 0.39765625 0.05546875 0.07890625