2 0.1546875 0.725 0.06171875 0.10234375
2 0.225 0.9546875 0.06796875 0.08984375
2 0.259375 0.871875 0.05390625 0.11796875
2 0.49609375 0.690625 0.03984375 0.1109375
2 0.5453125 0.6890625 0.03203125 0.1109375
2 0.58203125 0.58515625 0.03203125 0.1046875
2 0.30859375 0.55078125 0.04375 0.08046875
2 0.39921875 0.525 0.03984375 0.0796875
2 0.53125 0.41484375 0.0234375 0.06015625
2 0.596875 0.37578125 0.0203125 0.05625
1 0.54765625 0.54453125 0.0875 0.13671875
1 0.63515625 0.4234375 0.0625 0.090625
1 0.678125 0.3015625 0.04453125 0.05859375
2 0.628125 0.4890625 0.01640625 0.07890625
2 0.703125 0.44140625 0.01875 0.0734375
2 0.6953125 0.3953125 0.01796875 0.0640625