1 0.0265625 0.93125 0.053125 0.11953125
2 0.0703125 0.796875 0.07109375 0.109375
2 0.28984375 0.6484375 0.04375 0.09375
2 0.30234375 0.590625 0.0453125 0.0703125
1 0.209375 0.60859375 0.12421875 0.11484375
1 0.44453125 0.5234375 0.08828125 0.10234375
1 0.60234375 0.44609375 0.06953125 0.10625
2 0.58828125 0.5109375 0.02734375 0.0796875
2 0.6203125 0.49296875 0.0265625 0.08203125
2 0.5265625 0.434375 0.0234375 0.059375
2 0.58359375 0.3890625 0.0171875 0.05546875
2 0.60234375 0.36015625 0.0140625 0.053125
2 0.69140625 0.4234375 0.01953125 0.05859375
2 0.71484375 0.4109375 0.0203125 0.05390625
2 0.70078125 0.39140625 0.0171875 0.05390625