2 0.015625 0.596875 0.03125 0.084375
2 0.33203125 0.6125 0.0375 0.08828125
1 0.09921875 0.6390625 0.12265625 0.1046875
2 0.43828125 0.47109375 0.0265625 0.071875
2 0.55234375 0.49921875 0.04140625 0.07265625
2 0.58828125 0.51171875 0.02578125 0.07734375
2 0.52109375 0.4625 0.025 0.046875
2 0.690625 0.42421875 0.01953125 0.059375
2 0.71328125 0.40859375 0.0171875 0.059375
3 0.56875 0.39375 0.0515625 0.07421875
1 0.60234375 0.44609375 0.0640625 0.1046875
1 0.6671875 0.32265625 0.04453125 0.04765625